# T current_km best_km
6450.247681 45053.36378 26580.8393
6127.735297 43391.29275 26580.8393
5821.348532 43108.01978 26580.8393
5530.281105 31605.19196 26580.8393
5253.76705 42617.71409 26580.8393
4991.078698 43350.17912 26580.8393
4741.524763 42328.55121 26580.8393
4504.448525 34104.09693 26580.8393
4279.226098 39144.19982 25223.56651
4065.264793 37640.96274 25223.56651
3862.001554 36974.04339 25223.56651
3668.901476 37871.15908 25223.56651
3485.456402 34848.2158 25223.56651
3311.183582 40660.90006 25223.56651
3145.624403 43605.68787 25223.56651
2988.343183 29713.35665 25223.56651
2838.926024 39914.72258 25223.56651
2696.979723 30722.24855 25223.56651
2562.130736 44355.02214 24204.34493
2434.0242 35915.36891 22722.83019
2312.32299 40857.43221 22722.83019
2196.70684 31746.62239 22722.83019
2086.871498 36408.57824 22722.83019
1982.527923 37225.89179 22722.83019
1883.401527 41042.91337 22722.83019
1789.231451 33355.8473 22722.83019
1699.769878 32312.27295 22722.83019
1614.781384 34133.56658 22565.94393
1534.042315 22297.34541 22297.34541
1457.340199 36723.5301 22297.34541
1384.473189 32563.67438 22222.9145
1315.24953 32076.90429 22222.9145
1249.487053 29727.6702 22222.9145
1187.012701 44099.72428 20933.62923
1127.662066 28716.61397 20933.62923
1071.278962 28028.79469 16764.41993
1017.715014 24939.50565 16764.41993
966.8292636 23586.49708 16764.41993
918.4878004 28923.94647 16764.41993
872.5634104 22838.06101 16764.41993
828.9352398 27427.91873 16764.41993
787.4884778 24557.46799 16764.41993
748.114054 23906.30464 16764.41993
710.7083513 26793.78969 16747.6289
675.1729337 24011.84403 16747.6289
641.414287 21074.5999 16747.6289
609.3435727 25608.95589 16656.94867
578.876394 22142.15326 16621.51937
549.9325743 25179.69849 15533.48362
522.4359456 25709.54163 15533.48362
496.3141483 20070.26163 15454.07765
471.4984409 21375.98036 15454.07765
447.9235189 17457.74569 15454.07765
425.5273429 16795.68569 14573.30421
404.2509758 21232.2537 14279.77293
384.038427 20302.46192 14279.77293
364.8365056 16089.47686 14279.77293
346.5946804 16757.74158 13850.88785
329.2649463 15887.91936 13700.99407
312.801699 17890.2545 13700.99407
297.1616141 15445.72585 13700.99407
282.3035334 17785.39599 13650.96039
268.1883567 16696.84441 13404.55454
254.7789389 15680.64619 13404.55454
242.0399919 14574.08149 13404.55454
229.9379923 13971.27082 13404.55454
218.4410927 14221.61085 13404.55454
207.5190381 14171.0595 13404.55454
197.1430862 14383.67098 13404.55454
187.2859319 14082.20658 13404.55454
177.9216353 14529.87567 13404.55454
169.0255535 14146.92626 13404.55454
160.5742758 14146.31432 13404.55454
152.545562 13487.85426 13404.55454
144.9182839 13487.85426 13404.55454
137.6723697 14337.15727 13404.55454
130.7887513 13567.66067 13404.55454
124.2493137 14285.12513 13404.55454
118.036848 13926.48134 13404.55454
112.1350056 13635.87326 13404.55454
106.5282553 13567.66067 13404.55454
101.2018426 13404.55454 13404.55454
96.14175043 13404.55454 13404.55454
91.33466291 13487.85426 13404.55454
86.76792976 13487.85426 13404.55454
82.42953328 13404.55454 13404.55454
78.30805661 13472.76713 13404.55454
74.39265378 13955.33261 13404.55454
70.67302109 13472.76713 13404.55454
67.13937004 13472.76713 13404.55454
63.78240154 13472.76713 13404.55454
60.59328146 13404.55454 13404.55454
57.56361739 13472.76713 13404.55454
54.68543652 13472.76713 13404.55454
51.95116469 13567.66067 13404.55454
49.35360646 13635.87326 13404.55454
46.88592613 13472.76713 13404.55454
44.54162983 13404.55454 13404.55454
42.31454834 13472.76713 13404.55454
40.19882092 13404.55454 13404.55454
38.18887987 13472.76713 13404.55454
36.27943588 13404.55454 13404.55454
34.46546409 13472.76713 13404.55454
32.74219088 13404.55454 13404.55454
31.10508134 13472.76713 13404.55454
29.54982727 13404.55454 13404.55454
28.07233591 13404.55454 13404.55454
26.66871911 13404.55454 13404.55454
25.33528316 13404.55454 13404.55454
24.068519 13404.55454 13404.55454
22.86509305 13472.76713 13404.55454
21.7218384 13404.55454 13404.55454
20.63574648 13404.55454 13404.55454
19.60395915 13404.55454 13404.55454
18.62376119 13404.55454 13404.55454
17.69257313 13404.55454 13404.55454
16.80794448 13404.55454 13404.55454
15.96754725 13404.55454 13404.55454
15.16916989 13404.55454 13404.55454
14.4107114 13404.55454 13404.55454
13.69017583 13404.55454 13404.55454
13.00566704 13404.55454 13404.55454
12.35538368 13404.55454 13404.55454
11.7376145 13404.55454 13404.55454
11.15073377 13404.55454 13404.55454
10.59319709 13404.55454 13404.55454
10.06353723 13404.55454 13404.55454
9.56036037 13404.55454 13404.55454
9.082342352 13404.55454 13404.55454
8.628225234 13404.55454 13404.55454
8.196813972 13404.55454 13404.55454
7.786973274 13404.55454 13404.55454
7.39762461 13404.55454 13404.55454
7.027743379 13404.55454 13404.55454
6.67635621 13404.55454 13404.55454
6.3425384 13404.55454 13404.55454
6.02541148 13404.55454 13404.55454
5.724140906 13404.55454 13404.55454
5.437933861 13404.55454 13404.55454
5.166037168 13404.55454 13404.55454
4.907735309 13404.55454 13404.55454
4.662348544 13404.55454 13404.55454
4.429231117 13404.55454 13404.55454
4.207769561 13404.55454 13404.55454
3.997381083 13404.55454 13404.55454
3.797512029 13404.55454 13404.55454
3.607636427 13404.55454 13404.55454
3.427254606 13404.55454 13404.55454
3.255891876 13404.55454 13404.55454
3.093097282 13404.55454 13404.55454
2.938442418 13404.55454 13404.55454
2.791520297 13404.55454 13404.55454
2.651944282 13404.55454 13404.55454
2.519347068 13404.55454 13404.55454
2.393379714 13404.55454 13404.55454
2.273710729 13404.55454 13404.55454
2.160025192 13404.55454 13404.55454
2.052023933 13404.55454 13404.55454
1.949422736 13404.55454 13404.55454
1.851951599 13404.55454 13404.55454
1.759354019 13404.55454 13404.55454
1.671386318 13404.55454 13404.55454
1.587817002 13404.55454 13404.55454
1.508426152 13404.55454 13404.55454
1.433004845 13404.55454 13404.55454
1.361354602 13404.55454 13404.55454
1.293286872 13404.55454 13404.55454
1.228622529 13404.55454 13404.55454
1.167191402 13404.55454 13404.55454
1.108831832 13404.55454 13404.55454
1.053390241 13404.55454 13404.55454
1.000720729 13404.55454 13404.55454
0.9506846921 13404.55454 13404.55454
0.9031504575 13404.55454 13404.55454
0.8579929346 13404.55454 13404.55454
0.8150932879 13404.55454 13404.55454
0.7743386235 13404.55454 13404.55454
0.7356216923 13404.55454 13404.55454
0.6988406077 13404.55454 13404.55454
0.6638985773 13404.55454 13404.55454
0.6307036484 13404.55454 13404.55454
0.599168466 13404.55454 13404.55454
0.5692100427 13404.55454 13404.55454
0.5407495406 13404.55454 13404.55454
0.5137120636 13404.55454 13404.55454
0.4880264604 13404.55454 13404.55454
0.4636251374 13404.55454 13404.55454
0.4404438805 13404.55454 13404.55454
0.4184216865 13404.55454 13404.55454
0.3975006021 13404.55454 13404.55454
0.377625572 13404.55454 13404.55454
0.3587442934 13404.55454 13404.55454
0.3408070788 13404.55454 13404.55454
0.3237667248 13404.55454 13404.55454
0.3075783886 13404.55454 13404.55454
0.2921994692 13404.55454 13404.55454
0.2775894957 13404.55454 13404.55454
0.2637100209 13404.55454 13404.55454
0.2505245199 13404.55454 13404.55454
0.2379982939 13404.55454 13404.55454
0.2260983792 13404.55454 13404.55454
0.2147934602 13404.55454 13404.55454
0.2040537872 13404.55454 13404.55454
0.1938510978 13404.55454 13404.55454
0.184158543 13404.55454 13404.55454
0.1749506158 13404.55454 13404.55454
0.166203085 13404.55454 13404.55454
0.1578929308 13404.55454 13404.55454
0.1499982842 13404.55454 13404.55454
0.14249837 13404.55454 13404.55454
0.1353734515 13404.55454 13404.55454
0.1286047789 13404.55454 13404.55454
0.12217454 13404.55454 13404.55454
0.116065813 13404.55454 13404.55454
0.1102625223 13404.55454 13404.55454
0.1047493962 13404.55454 13404.55454
0.09951192642 13404.55454 13404.55454
0.09453633009 13404.55454 13404.55454
0.08980951359 13404.55454 13404.55454
0.08531903791 13404.55454 13404.55454
0.08105308601 13404.55454 13404.55454
0.07700043171 13404.55454 13404.55454
0.07315041013 13404.55454 13404.55454
0.06949288962 13404.55454 13404.55454
0.06601824514 13404.55454 13404.55454
0.06271733288 13404.55454 13404.55454
0.05958146624 13404.55454 13404.55454
0.05660239293 13404.55454 13404.55454
0.05377227328 13404.55454 13404.55454
0.05108365962 13404.55454 13404.55454
0.04852947664 13404.55454 13404.55454
0.0461030028 13404.55454 13404.55454
0.04379785266 13404.55454 13404.55454
0.04160796003 13404.55454 13404.55454
0.03952756203 13404.55454 13404.55454
0.03755118393 13404.55454 13404.55454
0.03567362473 13404.55454 13404.55454
0.0338899435 13404.55454 13404.55454
0.03219544632 13404.55454 13404.55454
0.030585674 13404.55454 13404.55454
0.0290563903 13404.55454 13404.55454
0.02760357079 13404.55454 13404.55454
0.02622339225 13404.55454 13404.55454
0.02491222264 13404.55454 13404.55454
0.02366661151 13404.55454 13404.55454
0.02248328093 13404.55454 13404.55454
0.02135911688 13404.55454 13404.55454
0.02029116104 13404.55454 13404.55454
0.01927660299 13404.55454 13404.55454
0.01831277284 13404.55454 13404.55454
0.0173971342 13404.55454 13404.55454
0.01652727749 13404.55454 13404.55454
0.01570091361 13404.55454 13404.55454
0.01491586793 13404.55454 13404.55454
0.01417007453 13404.55454 13404.55454
0.01346157081 13404.55454 13404.55454
0.01278849227 13404.55454 13404.55454
0.01214906765 13404.55454 13404.55454
0.01154161427 13404.55454 13404.55454
0.01096453356 13404.55454 13404.55454
0.01041630688 13404.55454 13404.55454
0.009895491536 13404.55454 13404.55454
0.009400716959 13404.55454 13404.55454
0.008930681111 13404.55454 13404.55454
0.008484147056 13404.55454 13404.55454
0.008059939703 13404.55454 13404.55454
0.007656942718 13404.55454 13404.55454
0.007274095582 13404.55454 13404.55454
0.006910390803 13404.55454 13404.55454
0.006564871263 13404.55454 13404.55454
0.0062366277 13404.55454 13404.55454
0.005924796315 13404.55454 13404.55454
0.005628556499 13404.55454 13404.55454
0.005347128674 13404.55454 13404.55454
0.00507977224 13404.55454 13404.55454
0.004825783628 13404.55454 13404.55454
0.004584494447 13404.55454 13404.55454
0.004355269724 13404.55454 13404.55454
0.004137506238 13404.55454 13404.55454
0.003930630926 13404.55454 13404.55454
0.00373409938 13404.55454 13404.55454
0.003547394411 13404.55454 13404.55454
0.00337002469 13404.55454 13404.55454
0.003201523456 13404.55454 13404.55454
0.003041447283 13404.55454 13404.55454
0.002889374919 13404.55454 13404.55454
0.002744906173 13404.55454 13404.55454
0.002607660864 13404.55454 13404.55454
0.002477277821 13404.55454 13404.55454
0.00235341393 13404.55454 13404.55454
0.002235743234 13404.55454 13404.55454
0.002123956072 13404.55454 13404.55454
0.002017758268 13404.55454 13404.55454
0.001916870355 13404.55454 13404.55454
0.001821026837 13404.55454 13404.55454
0.001729975495 13404.55454 13404.55454
0.001643476721 13404.55454 13404.55454
0.001561302884 13404.55454 13404.55454
0.00148323774 13404.55454 13404.55454
0.001409075853 13404.55454 13404.55454
0.001338622061 13404.55454 13404.55454
0.001271690958 13404.55454 13404.55454
0.00120810641 13404.55454 13404.55454
0.001147701089 13404.55454 13404.55454
0.001090316035 13404.55454 13404.55454
0.001035800233 13404.55454 13404.55454
