# T current_km best_km
26354.4706 11324555.86 10929771.01
25036.74707 11118773.85 10915531.65
23784.90971 11267304.71 10868008.65
22595.66423 11150715.7 10790079.94
21465.88102 11219856.52 10728650.4
20392.58697 11329563.89 10538359.02
19372.95762 11205925.5 10538359.02
18404.30974 11020298.21 10538359.02
17484.09425 11106907.98 10471690.38
16609.88954 11024194.11 10471690.38
15779.39506 10987368.69 10384272.92
14990.42531 11009307.97 10326768.31
14240.90404 10551537.24 10248973.18
13528.85884 10720221.39 10248973.18
12852.4159 10625898.01 10125917.89
12209.7951 10271506.55 10058524.3
11599.30535 10468002.15 10048426.81
11019.34008 10198827.75 9922414.402
10468.37308 10041916.98 9773784.694
9944.954423 10046418.12 9650185.63
9447.706701 9835650.933 9601376.721
8975.321366 9743522.319 9497331.804
8526.555298 9469045.261 9206912.214
8100.227533 9630518.638 9205184.774
7695.216156 9262047.471 9034240.378
7310.455349 9390953.487 8945938.038
6944.932581 9091046.069 8590870.062
6597.685952 8783420.726 8535134.466
6267.801655 9132946.02 8488076.411
5954.411572 8540649.001 8210843.249
5656.690993 8421935.522 8070664.576
5373.856444 8444098.605 7860019.338
5105.163621 8095100.687 7672977.002
4849.90544 7962949.714 7441640.5
4607.410168 7717893.43 7292352.376
4377.03966 7438653.698 7087232.756
4158.187677 7321564.078 7001932.434
3950.278293 6891317.795 6678057.506
3752.764378 6897254.801 6514749.3
3565.126159 6567076.887 6182544.392
3386.869852 6631336.966 6012901.081
3217.526359 6036844.835 5825754.629
3056.650041 5896321.088 5651511.854
2903.817539 5671872.036 5404567.569
2758.626662 5486299.425 5115530.328
2620.695329 5189563.415 4985382.042
2489.660562 5096013.012 4790734.188
2365.177534 4877773.872 4555467.992
2246.918658 4672959.574 4401317.03
2134.572725 4408275.412 4178367.39
2027.844088 4168479.809 3967228.699
1926.451884 4092204.581 3890184.439
1830.12929 3799633.237 3761129.743
1738.622825 3666517.656 3581911.427
1651.691684 3487258.898 3366733.669
1569.1071 3284417.605 3279159.91
1490.651745 3247462.738 3149282.717
1416.119158 3163043.707 3048848.63
1345.3132 2943451.351 2916054.458
1278.04754 2835780.632 2756193.161
1214.145163 2759890.439 2636294.976
1153.437905 2669752.077 2589379.951
1095.766009 2570434.774 2509091.382
1040.977709 2489148.714 2430333.372
988.9288235 2481719.942 2328816.845
939.4823823 2339044.157 2256382.694
892.5082632 2239412.993 2168496.418
847.8828501 2191194.841 2119000.857
805.4887076 2044922.606 2022093.783
765.2142722 2013758.914 1972893.656
726.9535586 1944641.616 1881841.526
690.6058806 1901899.464 1854790.331
656.0755866 1869329.118 1813634.69
623.2718073 1777483.348 1730596.999
592.1082169 1743987.861 1668587.862
562.5028061 1662709.287 1615010.489
534.3776658 1582914.315 1542474.025
507.6587825 1533568.268 1506498.586
482.2758433 1524407.327 1455835.79
458.1620512 1436611.646 1401145.361
435.2539486 1409665.925 1337163.991
413.4912512 1352607.019 1303831.355
392.8166886 1336118.542 1299475.07
373.1758542 1268451.32 1253641.28
354.5170615 1228593.871 1184552.244
336.7912084 1190875.433 1151608.437
319.951648 1152899.591 1086052.076
303.9540656 1069920.697 1060602.106
288.7563623 1016918.714 1010074.901
274.3185442 988082.9196 973750.0936
260.602617 973589.0431 938986.8116
247.5724861 925760.0979 903024.5983
235.1938618 886039.2864 875596.5105
223.4341687 852695.3122 835481.6349
212.2624603 813534.0592 800404.2887
201.6493373 795160.3753 778301.851
191.5668704 775383.9293 757866.1617
181.9885269 753574.0531 750195.0035
172.8891006 719263.8775 710670.3195
164.2446455 701746.5103 686275.9771
156.0324133 669783.2746 661234.3923
148.2307926 627822.0118 625249.6956
140.819253 619299.7843 614751.6518
133.7782903 602020.7262 591698.6304
127.0893758 591215.8774 585930.2826
120.734907 566124.1401 564229.7409
114.6981617 554007.6956 547769.2442
108.9632536 528585.356 523207.0952
103.5150909 522991.2105 511346.1356
98.33933635 498747.2397 497278.9242
93.42236953 491887.2618 485292.7253
88.75125106 477898.8692 477245.2027
84.3136885 469904.833 464475.2886
80.09800408 455060.9551 451406.1972
76.09310388 444868.6639 443770.2372
72.28844868 432033.9645 430119.8204
68.67402625 427844.7642 423996.1818
65.24032493 417092.5071 416857.7255
61.97830869 402448.6225 401616.7148
58.87939325 399272.3542 394467.5135
55.93542359 390695.4165 387080.7252
53.13865241 381543.9804 379597.1651
50.48171979 377858.2018 375290.0795
47.9576338 370801.5234 370708.381
45.55975211 364567.401 364055.253
43.28176451 360403.7115 359774.5305
41.11767628 356145.2573 355831.6234
39.06179247 346237.0869 345997.5803
37.10870284 341747.6284 341232.5707
35.2532677 336651.8617 335940.1625
33.49060432 334492.3483 333875.5041
31.8160741 332138.3995 331605.1067
30.2252704 328581.0177 328506.2447
28.71400688 324863.8578 324495.6732
27.27830653 320442.3233 320386.0595
25.91439121 321153.6684 320333.0387
24.61867164 318378.147 318072.4533
23.38773806 315428.5111 314974.5571
22.21835116 312694.1056 312217.7163
21.1074336 310368.2876 310334.5943
20.05206192 309204.021 308952.5121
19.04945883 307873.327 307560.7259
18.09698588 305780.4021 305402.8408
17.19213659 304016.2654 304016.2654
16.33252976 303753.6439 303636.8951
15.51590327 302868.0178 302744.5549
14.74010811 301444.9956 301303.3605
14.0031027 300775.8513 300524.2475
13.30294757 299873.0281 299867.8751
12.63780019 298657.0543 298468.1206
12.00591018 297651.8816 297632.9748
11.40561467 296582.0238 296582.0238
10.83533394 295975.214 295831.6509
10.29356724 295681.0541 295541.5086
9.778888879 294915.1524 294865.1795
9.289944435 294390.9771 294378.9184
8.825447213 293844.0429 293844.0429
8.384174852 293244.8345 293244.8345
7.96496611 292464.0094 292368.9472
7.566717804 291923.8925 291923.8925
7.188381914 291608.1649 291582.64
6.828962818 291253.0889 291248.0105
6.487514677 291002.5328 290921.3072
6.163138944 290685.0068 290685.0068
5.854981996 290444.2624 290444.2624
5.562232897 290330.6047 290310.3225
5.284121252 290202.6102 290181.3091
5.019915189 290058.6914 290044.1586
4.76891943 289869.5774 289861.4367
4.530473458 289565.87 289564.9296
4.303949785 289314.3072 289310.1141
4.088752296 289093.1022 289091.8261
3.884314681 289035.2099 289017.8421
3.690098947 288984.783 288982.6454
3.505594 288850.6169 288829.4754
3.3303143 288714.1391 288714.1391
3.163798585 288621.4928 288608.5117
3.005608656 288531.5026 288526.9393
2.855328223 288436.4308 288433.404
2.712561812 288276.4387 288273.0486
2.576933721 288130.6351 288115.5195
2.448087035 288054.044 288054.044
2.325682683 287968.5876 287966.2241
2.209398549 287962.9869 287960.7417
2.098928622 287944.6228 287933.6058
1.993982191 287901.3765 287895.5748
1.894283081 287895.1819 287884.9756
1.799568927 287827.8334 287827.8334
1.709590481 287798.4639 287790.8104
1.624110957 287781.6343 287777.7534
1.542905409 287779.1139 287774.0674
1.465760138 287754.8183 287750.9613
1.392472131 287760.537 287750.9613
1.322848525 287750.3989 287748.3475
1.256706099 287744.7184 287743.0242
1.193870794 287733.0748 287729.4263
1.134177254 287728.737 287728.737
1.077468391 287722.4521 287718.9824
1.023594972 287720.6548 287714.5449
0.9724152231 287716.0937 287711.1525
0.923794462 287718.2425 287711.1525
0.8776047389 287716.1116 287711.1525
0.8337245019 287718.2464 287711.1525
0.7920382768 287658.217 287658.217
0.752436363 287658.5927 287656.8943
0.7148145449 287651.7015 287651.7015
0.6790738176 287640.6477 287637.5124
0.6451201267 287636.9364 287635.0002
0.6128641204 287625.0022 287625.0022
0.5822209144 287620.0789 287620.0789
0.5531098687 287601.9907 287601.9826
0.5254543752 287595.273 287594.3246
0.4991816565 287593.3099 287593.3099
0.4742225736 287592.2235 287592.2235
0.450511445 287593.739 287592.2235
0.4279858727 287592.2607 287592.2235
0.4065865791 287593.1363 287592.2235
0.3862572501 287593.2792 287592.2235
0.3669443876 287593.4259 287592.2235
0.3485971682 287589.1266 287589.1266
0.3311673098 287587.8082 287587.8082
0.3146089443 287587.5713 287587.5713
0.2988784971 287586.4766 287586.1166
0.2839345723 287586.4766 287586.1166
0.2697378436 287587.3603 287586.1166
0.2562509515 287587.3603 287586.1166
0.2434384039 287587.417 287586.1166
0.2312664837 287586.7135 287586.1166
0.2197031595 287586.7054 287586.1166
0.2087180015 287586.6696 287586.1166
0.1982821015 287585.822 287585.822
0.1883679964 287584.5971 287584.5971
0.1789495966 287584.5971 287584.5971
0.1700021167 287585.6939 287584.5971
0.1615020109 287585.6939 287584.5971
0.1534269104 287586.8735 287584.5971
0.1457555648 287586.8735 287584.5971
0.1384677866 287562.2352 287562.198
0.1315443973 287562.0621 287562.0621
0.1249671774 287561.5354 287561.5354
0.1187188185 287550.2467 287550.2467
0.1127828776 287550.2467 287550.2467
0.1071437337 287549.628 287549.628
0.101786547 287549.628 287549.628
0.09669721969 287549.636 287549.628
0.0918623587 287549.636 287549.628
0.08726924077 287548.5764 287548.5764
0.08290577873 287548.5764 287548.5764
0.07876048979 287548.5684 287548.5684
0.0748224653 287548.5764 287548.5684
0.07108134204 287548.5764 287548.5684
0.06752727494 287548.5684 287548.5684
0.06415091119 287548.5684 287548.5684
0.06094336563 287548.5684 287548.5684
0.05789619735 287548.5684 287548.5684
0.05500138748 287548.5764 287548.5684
0.05225131811 287548.5764 287548.5684
0.0496387522 287548.5764 287548.5684
0.04715681459 287548.5764 287548.5684
0.04479897386 287548.5684 287548.5684
0.04255902517 287548.5684 287548.5684
0.04043107391 287548.5684 287548.5684
0.03840952022 287548.5684 287548.5684
0.0364890442 287548.5684 287548.5684
0.03466459199 287548.6122 287548.5684
0.03293136239 287548.6042 287548.5684
0.03128479427 287548.6042 287548.5684
0.02972055456 287548.6042 287548.5684
0.02823452683 287548.6042 287548.5684
0.02682280049 287548.6042 287548.5684
0.02548166047 287548.6042 287548.5684
0.02420757744 287548.6042 287548.5684
0.02299719857 287548.6042 287548.5684
0.02184733864 287548.6042 287548.5684
0.02075497171 287548.5684 287548.5684
0.01971722313 287548.5684 287548.5684
0.01873136197 287548.5684 287548.5684
0.01779479387 287548.5684 287548.5684
0.01690505418 287548.5684 287548.5684
0.01605980147 287548.5684 287548.5684
0.01525681139 287548.5684 287548.5684
0.01449397082 287548.5684 287548.5684
0.01376927228 287548.5684 287548.5684
0.01308080867 287548.5684 287548.5684
0.01242676824 287548.5684 287548.5684
0.01180542982 287548.5684 287548.5684
0.01121515833 287548.5684 287548.5684
0.01065440042 287548.5764 287548.5684
0.0101216804 287548.5764 287548.5684
0.009615596376 287548.5684 287548.5684
0.009134816557 287548.5684 287548.5684
0.008678075729 287548.5684 287548.5684
0.008244171943 287548.5684 287548.5684
0.007831963345 287548.5764 287548.5684
0.007440365178 287548.5764 287548.5684
0.007068346919 287548.5684 287548.5684
0.006714929573 287548.5684 287548.5684
0.006379183095 287548.5684 287548.5684
0.00606022394 287548.5684 287548.5684
0.005757212743 287548.5684 287548.5684
0.005469352106 287548.5684 287548.5684
0.005195884501 287548.5684 287548.5684
0.004936090275 287548.5684 287548.5684
0.004689285762 287548.5684 287548.5684
0.004454821474 287548.5684 287548.5684
0.0042320804 287548.5684 287548.5684
0.00402047638 287548.5684 287548.5684
0.003819452561 287548.5684 287548.5684
0.003628479933 287548.5684 287548.5684
0.003447055936 287548.5684 287548.5684
0.003274703139 287548.5684 287548.5684
0.003110967982 287548.5684 287548.5684
0.002955419583 287548.5684 287548.5684
0.002807648604 287548.5684 287548.5684
0.002667266174 287548.5684 287548.5684
0.002533902865 287548.5684 287548.5684
0.002407207722 287548.5684 287548.5684
0.002286847336 287548.5684 287548.5684
0.002172504969 287548.5684 287548.5684
0.002063879721 287548.5684 287548.5684
0.001960685735 287548.5684 287548.5684
0.001862651448 287548.5684 287548.5684
0.001769518875 287548.5684 287548.5684
0.001681042932 287548.5684 287548.5684
0.001596990785 287548.5684 287548.5684
0.001517141246 287548.5684 287548.5684
0.001441284184 287548.5684 287548.5684
0.001369219974 287548.5684 287548.5684
0.001300758976 287548.5684 287548.5684
0.001235721027 287548.5684 287548.5684
0.001173934976 287548.5684 287548.5684
0.001115238227 287548.5684 287548.5684
0.001059476315 287548.5684 287548.5684
0.0010065025 287548.5684 287548.5684
