12.9706 47.9194
8.716 47.0695
8.6498 45.9952
6.4885 46.8666
7.3295 47.5388
7.4439 48.1255
8.8167 48.8667
6.4167 50.1667
4.5167 51.2
5.2333 50.95
6.5667 50.4167
7.6 50.65
9.2708 50.7518
12.0667 49.6333
12.0726 51.1097
15.6988 51.1813
15.9167 51.1167
16.2079 52.2632
15.4751 51.7042
14.9 51.6833
12.1667 52.05
10.7 53.6833
14.0167 53.7167
16.5833 53.7167
18.9008 53.6846
20.6663 52.9372
20.4114 52.6009
21.3555 52.1912
22.4333 53.1
20.4283 53.9179
19.8808 53.839
14.1333 58.3833
14.272 59.5318
22.3 63.2
25.4167 64.9333
23.9333 62.1667
23.8 61.8833
23.05 62.1167
21.9167 61.0833
22.3667 60.3667
24.8167 60.28
25.0739 60.2661
29.7253 60.5196
29.8284 59.66
25.0956 59.1256
23.3167 54.5833
23.15 53.3706
26.2768 52.0381
28.5487 50.2729
20.1879 50.9913
19.2123 51.5368
19.1037 51.4221
19.1609 51.2957
17.4916 49.381
20.95 48.3
20.2833 46.7
22.9333 47.4167
25 45.7833
25.2 45.15
24.9667 45.0167
23.3167 42.6333
22.6653 41.4053
27.1667 38.1333
27.6 43.05
26.8333 43.5667
27.0167 44.6167
25.4 44.5667
26.1833 45.85
27.5667 47.2167
34.3129 51.1502
35.9671 52.9995
38.1667 56.0333
39.8389 56.1488
40.7377 56.9227
45.8712 55.7226
46.4981 51.6134
38.4452 45.7529
40.24 45.5161
41.0305 45.351
44.6335 43.7295
46.6592 45.2701
49.4833 50.7333
57.9603 52.5854
59.4891 55.5736
48.9668 58.0338
51.5419 60.3344
56.2983 58.2189
60.7653 58.8726
130.85 45.8
131.9692 44.3092
134 46.22
138.7667 47.2333
142.2092 47.9978
141.1167 38.9833
139.5708 37.7292
139.9804 35.821
135.7833 34.6333
135.0391 35.1603
132.7167 33.2833
130.4 31.95
130.4667 32.5667
130.7352 32.8587
128.82 35.0992
129.1386 35.7494
128.4081 36.975
127.6411 37.3042
127.0833 37.5167
127.1046 37.602
124.2317 41.6353
122.9097 41.2172
126.5814 37.6522
126.722 37.5053
127.2167 36.9167
127.4394 35.3156
126.9306 34.3836
128.0333 26.6167
127.9833 26.3712
122.2829 30.027
121.2931 30.2489
120.9903 30.0751
121.2658 31.1694
120.6298 31.3147
118.2417 31.625
114.3167 30.25
110.0664 34.5653
108.7667 30.85
105.6664 29.7658
110.8464 27.5467
112.5398 25.2325
111.015 22.4708
112.4662 22.0507
114.1167 22.2333
114.1833 22.55
113.8825 22.7874
114.4 23.0833
114.5618 23.4274
116.3904 23.4541
117.0453 24.2819
117.5164 25.555
119.4561 29.0839
119.4669 27.0346
121.5389 24.96
121.2 23.1167
121.0896 16.2838
120.4489 15.3597
120.55 14.9833
120.5983 14.5619
121.111 14.6379
121.1208 14.2108
120.9253 13.8794
121.141 13.8055
122.5922 10.6558
123.3219 8.0382
123.8461 8.3096
124.3 7.2167
120.8636 -2.5333
121.068 -3.1085
119.7993 -3.9275
153.0445 -27.3559
151.4815 -32.8378
147.3317 -42.8832
141.3667 -35.2333
120.0469 -33.583
117.8333 -34.5167
117.0824 -32.5325
115.7368 -31.779
116.0333 -30.4667
118.1167 -30.8833
112.3037 -7.6703
112.0493 -6.9021
111.6014 -6.6806
110.8962 -6.5648
110.42 -7.245
106.8065 -6.1969
107.0167 10.95
108.8833 15.05
100.6833 14.7333
91.1123 23.9746
83.6167 21.3333
82.0438 17.2444
81.7241 16.8355
80.1667 7.4833
79.9003 7.218
79.8757 7.1643
75.9667 17.1667
77.1 18.25
77.05 19.1833
79.1167 21.95
81.3 24.5333
81.1167 25.7833
79.2197 24.8305
76.4833 24.9833
70.3 21.1597
73.0667 25.7
73.9364 26.2031
75.4333 27.2667
74.0793 32.9757
73.0102 33.5941
71.7678 40.4772
71.1259 29.0085
67.9055 27.8477
57.2627 27.7286
55.9432 25.7895
55.5533 25.5653
55.2746 25.2219
47.1627 23.9915
38.9333 15.3333
31.3531 30.1794
9.5667 11.4333
6.76 11.8141
7.5833 10.8
6.5946 5.8618
3.9 7.8
-15.5118 28.1001
-16.3333 28.5333
-16.7201 28.0501
-17.8667 28.5667
-7.6528 38.1713
-9.1927 38.839
-8.751 39.979
-8.5366 39.9387
-8.3476 39.4973
-7.1628 38.8815
-6.682 37.9488
-5.9889 37.6758
-5.6341 37.0795
-5.8459 36.1369
-5.45 35.2833
-4.35 34.91
-1.3081 35.2808
-3.0127 37.0084
-4.2146 37.9454
-3.6217 37.9485
-0.7965 38.0864
-0.4333 38.6167
-0.4167 39.5167
-0.5667 40.2667
-2.8847 39.9209
-3.41 40.5904
-4.05 41.1333
-4.4173 41.2576
-4.0915 40.2044
-4.9 39.4333
-4.918 39.9629
-5.4789 40.4762
-8.3747 40.9727
-8.3 41.05
-7.6685 41.477
-7.4402 41.5881
-7.95 42.3167
-8.75 42.8667
-5.9836 42.0894
-5.7167 42.1
-5.5735 43.2599
-1.75 43.0833
-0.95 42.8333
-0.25 43.5167
0.7544 43.0162
1.0382 42.9313
1.2805 43.2004
1.9661 42.952
3.9945 44.1149
3.9951 44.9393
2.5528 45.0006
1.808 45.187
1.854 44.9263
2.4634 44.4745
2.1795 44.5031
0.7838 44.0607
0.0431 43.8
-0.3923 43.8899
0.05 44.3333
0.6996 45.5897
-0.3 45.7167
-0.429 46.049
-1.5333 47.6167
-1.2254 49.0439
-3.0841 51.0483
-3.4964 51.1678
-7.8269 53.2694
-6.1667 54.9833
-4.4167 57.9833
-2.35 57.65
-2.35 57.1333
-2.5333 57.0167
-2.8833 56.45
-0.75 53.55
-2.8167 53.3667
-1.8833 52.15
-0.75 52.4333
-0.45 51.9
-1.3833 50.9
-0.9167 51.1333
-0.4 51.4
0.3 51.55
1.3833 52.0333
1.8313 50.8933
2.4286 50.2952
3.053 50.3793
4.4804 49.5382
5.0039 48.7833
5.6 49.5667
5.9154 49.4336
7.1 50.55
7.3 50.55
7.7167 50.0833
7.8167 49.6667
7.45 49.3333
9.15 47.7333
7.2636 47.0963
8.5334 47.1434
8.9167 47.3333
10.6667 47.0833
11.6833 44.05
13.65 43.0667
10.4333 43.3833
9.2799 41.5894
8.9766 39.4928
4.5333 36.4611
10.5372 35.8728
12.9689 37.6041
15.3167 40.15
14.8083 40.7744
14.9667 41.6833
16.3411 43.3553
16.3989 43.9125
16.8094 45.1767
17.6231 45.2789
17.9372 45.6961
17.2574 46.7658
16.764 46.7803
16.5167 46.4667
15.8833 46.9667
15.95 47.4333
15.2667 47.1167
14.3772 46.783
14.015 46.6658
14.5167 46.4667
15.7333 46.3833
14.5044 45.7125
13.5017 45.7933
12.3364 46.4178
10.6833 47.5333
9.75 47.9833
9.1167 48.2333
9.1833 48.8333
9.3667 48.9833
9.3661 49.9308
9.7667 51.5
9.2132 52.7794
7.5833 52.5167
5.738 53.1576
7.0362 53.1665
9 54.6
9.2368 53.8027
10.0667 53.6
10.5749 52.9043
11.5333 53.6833
12.4333 54.2
15.6995 54.1941
14.8167 55.1667
12.5265 54.961
12.6 55.7667
11.478 55.6724
8.3333 56.2667
6.3333 58.5333
5.2985 59.3765
5.25 59.4833
9.45 59.85
14.1833 61.15
9.65 61.65
-143.6665 70.1241
-144.4396 61.5156
-114.1807 47.2771
-119.3292 40.8662
-121.2563 39.5932
-121.3111 38.291
-120.6214 38.2068
-119.5029 37.0026
-117.6643 33.4551
-105.9919 38.536
-105.115 36.5581
-102.3415 32.8934
-104.3885 30.1828
-101.05 28.2667
-97.21 32.6437
-96.2813 32.3605
-90.0417 32.8065
-87.6662 31.0326
-87.198 33.2904
-84.3152 33.0181
-80.0855 26.3453
-89.214 20.7718
-96.8833 19.275
-99.1557 20.4135
-99.1969 19.4499
-99.3333 19.3564
-99.335 18.7262
-80.1333 -0.1667
-76.8828 0.0847
-74.0486 5.4778
-67.9833 7.5
-70.2333 9.6333
-71.4492 10.4694
-68.2667 12.15
-66.2881 10.1133
-63.0961 10.3089
-61.5167 10.6667
-61.5 10.1333
-62.7333 8.9833
-61.5 7.3
-49.673 -3.768
-54.9344 -10.1693
-57.5167 -16.5333
-72.4167 -13.5667
-69.9333 -27.0833
-63.6833 -40.4333
-58.5661 -34.5999
-54.6333 -28.2833
-51.8167 -30.85
-49.1188 -26.8899
-49.6774 -25.5215
-49.7167 -24.7833
-51.9833 -22.6167
-50.5167 -22.0667
-46.5895 -22.7817
-45.2824 -22.0085
-43.7667 -21.0667
-42.1703 -21.7633
-42.5167 -20.7667
-41.2833 -20.15
-41.05 -19.25
-41.3374 -17.6791
-48.3833 -19.2333
-49.4418 -18.3295
-48.3878 -13.4268
-44.6592 -16.0717
-42.6064 -16.9078
-38.1167 -12.6667
-39.1 -12.05
-39.7109 -10.3403
-40.9708 -10.1871
-43.0833 -10.9833
-48.6122 -0.4862
-55.15 5.8167
-59.6167 13.1
-59.6167 13.2167
-60.8833 13.9
-61.0567 14.8329
-61.2333 15.9
-61.5833 16.25
-61.7167 16
-69.6667 18.6167
-70.5 19.4167
-71.6333 19.4833
-64.6781 32.3817
-76.886 34.6885
-79.8687 33.357
-81.6354 35.53
-82.1401 37.6484
-83.1016 37.334
-86.7666 38.9371
-86.8634 37.666
-93.434 37.0047
-94.8323 36.9662
-95.4865 35.4364
-96.7297 36.1179
-97.2663 37.6282
-97.6986 42.0322
-108.0287 45.3693
-101.0333 50.1333
-94.7495 43.6692
-92.5884 44.6609
-91.6707 47.0227
-87.9317 45.5944
-88.4391 43.4827
-87.7893 41.8725
-85.8065 42.0312
-84.1661 42.0076
-83.8352 40.5595
-83.9399 39.9901
-83.1201 39.8639
-79.981 39.7577
-79.8664 40.1251
-78.9499 40.1992
-79.6339 41.2226
-77.501 42.4837
-80.6967 43.209
-80.255 44.1064
-79.5014 44.1149
-78.7158 44.1609
-75.6893 43.2715
-74.6287 43.0423
-75.0429 41.8423
-76.1658 40.1757
-75.8427 40.0107
-75.2897 38.4097
-74.1064 40.6705
-73.7881 40.728
-73.6862 40.7939
-73.672 41.2888
-72.6764 42.0704
-73.1581 45.3418
-72.6667 48.8833
-71.5158 48.4501
-70.0731 44.4354
-64.4178 44.3784
-64.2925 44.4889
-64.8333 46.0667
-62.8833 46.0167
-61.261 45.9593
-59.9527 46.1218
-54.05 47.1833
-9.6167 51.9
-9.2333 52.3167
-3.45 53.2667
-1.0833 52.4333
1.5253 50.0414
1.6343 49.9372
1.6673 49.5821
1.8536 49.5492
1.6167 49.3167
0.9667 49.25
0.4577 49.4855
0.3684 49.5561
-0.2825 49.2415
-0.6748 48.8538
-0.7103 48.6459
0.0833 48.35
1.3814 48.3671
2.2423 49.1405
2.8774 49.4378
2.4247 50.5185
3.1667 50.3173
3.6833 50.7333
3.7167 50.8667
3.55 50.9833
3.8167 51.0667
4.0167 51
4.45 50.8667
4.1817 51.4171
4.6113 51.6401
4.65 51.5833
4.7747 51.5143
5.1344 51.8802
5.8507 52.4497
6.2883 52.2493
5.7169 51.7488
5.1167 51.35
5.4667 50.85
5.2333 50.3833
4.3274 50.1511
3.9627 50.2643
3.7435 49.7002
4.9798 49.6342
4.6865 49.1375
3.863 49.1751
2.7681 48.5428
2.4225 48.6022
1.95 47.4833
1.5824 47.3444
1.8615 46.8849
1.6301 46.6225
1.8978 45.2303
3.1256 45.403
3.3833 45.7333
3.0811 45.8314
3.0043 46.7086
3.2658 46.8506
3.159 46.9896
2.9833 47.1167
3.9711 47.4164
4.6715 46.6708
4.7915 46.5515
4.4818 46.3065
4.4186 46.1931
4.625 45.9873
4.6447 45.878
4.7425 45.2667
5.2153 45.757
5.3776 46.0807
6.0103 46.1442
6.0058 46.1545
5.4865 47.0216
5.7127 47.1247
5.9041 46.946
6.5206 46.5466
6.3227 45.2726
6.9959 45.3206
6.8167 44.9833
5.8897 44.1697
6.2167 44.2
7.4 44.2333
8.05 45.5667
8.0855 45.488
9.1833 44.75
9.0944 45.331
9.4453 45.358
9.2725 45.5801
9.5549 45.5422
9.5596 45.6818
10.3428 46.03
11.0667 45.6833
10.85 44.6
11.2576 44.5454
13.8472 46.1092
13.5167 46.9667
12.8167 47.3167
12.8333 47.4
12.7 47.6167
10.7333 47.0667
9.6377 46.9902
8.7111 47.3056
8.6188 47.4183
7.6701 47.1441
7.0518 47.0284
7.1454 47.5937
6.9241 47.4899
6.5212 47.3099
6.2793 47.6957
5.5269 47.4584
5.148 48.3574
7.0667 49.4167
8.3992 49.5186
8.8833 48.4833
10.3 48.65
10.35 48.85
11.4333 48.6
11.5833 48.4667
11.7167 48.8833
12.8167 49.0833
12.35 49.4333
10.4333 49.3167
10.2333 50.3333
7.7333 51.0667
10.35 52.6667
11.1667 52.35
13.6167 52.3667
14.4333 52.6667
14.2167 51.65
13.5167 50.3333
14.0726 50.4097
14.5667 50.1833
14.95 50.3
15.5211 50.3885
15.7587 49.4076
16.493 49.3566
15.5167 48.75
15.3167 48.4833
13.6333 48.5833
13.2833 48.6333
13.7833 48.1
15.4667 48.2
15.6667 48.1333
16.0667 48.2
16.4333 47.75
18.5063 47.1027
17.9387 48.3084
17.7333 48.3167
17.8 48.9
17.787 49.897
18.2022 50.0071
19.729 49.7307
20.1864 50.217
20.45 50.05
20.8182 50.2399
21.7831 50.6568
21.2953 51.6633
26.7074 53.5092
27.3917 53.8397
22.7696 54.2609
22.7775 55.4289
24.4417 55.7083
27.4167 56.7
31.7465 58.4171
40.0486 60.0544
47.8711 56.6369
37.9058 55.5814
37.938 54.9212
38.3994 54.7481
44.6517 40.9633
41.4806 37.5867
39.0806 37.0439
35.7019 36.9737
37.0167 -0.1667
37.65 -0.3333
36.8167 -1.2833
35.8667 -1.0833
14.6833 -13.7833
18.1616 -33.3444
18.4213 -33.941
18.42 -34.1559
27.2174 -32.8348
27.2329 -31.7031
30.8558 -30.0963
30.8864 -29.9657
31.0001 -29.8348
28.4145 -26.2047
28.303 -26.222
28.2703 -26.0579
27.9 -26.0333
28.2671 -25.8259
28.1494 -25.8058
28.1167 -25.8
27.15 -24.9333
47.7833 -18.3333
55.5333 -20.9
57.4833 -20.3
57.5833 -20.05
57.5802 -20.0184
63.4083 -19.6944
76.5667 11.4833
75.5667 11.9667
73.85 15.5
73.7069 16.1156
73.3667 18.6167
72.8 19.1833
70.0333 21.8833
71.05 22.8333
72.3833 23.9167
75.5167 18.0167
74.4667 16.1667
75.1167 15.7833
78.0083 15.013
78.9333 13.65
79.45 17.3667
78.1167 18.6667
78.1333 20.4
78.5324 21.4213
80.2 18.3167
80.9714 16.297
83.55 18.25
86.45 22.5167
90.1667 23.9833
89.85 25.3
91.35 29.6667
93.05 27.3
94.8333 26.2833
100.3333 24.3167
102.9894 27.7716
107.5064 28.6297
106.8908 31.0666
102.775 46.2639
91.4333 52.8667
87.6005 43.801
76.1804 43.1482
82.3801 50.0746
85.2 51.3167
83.7333 54.9667
86.1931 56.9647
88.405 56.5144
93.6215 55.8529
102.9104 53.4357
104.1867 52.8976
115.5167 52.35
116.5 51.8667
117.1399 51.591
117.9377 50.9252
117.1 60.2333
129.137 61.4777
139.9757 69.3096
151.7 62.2667
142.4578 44.3506
131.43 43.04
128.9972 42.5397
137.1 37.4167
137.3333 37.4333
140.2736 38.1539
141.179 38.4089
140.1167 37.6833
139 36.5
139.5833 36.3667
139.7055 36.0576
139.6297 35.8559
139.7956 35.7936
139.85 35.75
139.9484 35.7102
140.3167 35.7833
140.3116 35.3097
140.0333 35.48
139.55 35.3333
139.4948 35.3423
139.2236 35.3711
139.4174 35.5454
139.0897 35.6717
138.4167 35.7833
138.7833 34.6667
138.2 34.6667
137.1333 35.3167
136.9667 35.05
135.6319 34.6205
135.5489 34.4965
134.2899 35.3863
133.935 34.6617
133.7483 34.5547
133.3833 34.5667
132.7661 33.8417
130.6 33.2
129.7228 33.1592
130.7189 32.8136
130.6206 32.5024
131.2908 31.385
144.7863 13.4443
141.909 -12.698
148.6833 -20.2833
150.7893 -23.1876
166.05 -21.8667
173.5057 -35.3932
175.3 -38.05
175.45 -37.8667
176.1333 -37.7167
176.8242 -39.6744
149.9667 -36.35
150.2823 -34.4916
150.4306 -34.4393
150.55 -34.15
150.6 -33.7167
150.8807 -33.9112
150.9241 -33.8826
151.2167 -33.7333
150.9833 -33.3833
151.6098 -32.9749
151.5154 -32.7908
150.8901 -32.2612
151.0833 -31.2
151.35 -30.4667
149.7833 -29.9167
153.15 -28.8667
152.1333 -28.05
152.8667 -27.6
153.1833 -27.5167
153.0583 -27.4833
152.8828 -27.5594
152.597 -27.5661
152.0528 -27.5309
151.9625 -27.5868
152.0333 -26.8833
151.7667 -27.05
145.0167 -26.6333
147.25 -33.5333
147.3516 -35.1452
146.9188 -36.1454
145.4 -36.3833
144.15 -35.7333
145.0667 -37.0333
145.1667 -37.95
145.95 -37.9333
146.2333 -38.25
147.0667 -41
145.9333 -41.0833
144.5643 -37.9728
143.3647 -37.686
138.9425 -35.0029
137.7311 -35.044
137.7667 -34.5167
121.875 -33.857
122.3994 -28.6253
111.8956 -8.241
111.0197 -7.37
109.47 -7.3594
108.0067 -6.8522
106.9814 -6.3123
106.8141 -6.1616
106.8596 -6.1848
107.0764 -6.2747
109.513 -6.8739
110.4886 -7.0067
111.0167 -6.4833
111.4699 -6.6514
111.605 -6.7049
113.0598 -7.2001
114.2101 -7.7507
115.223 -8.4203
116.6587 -8.5118
117.0894 -8.4292
119.6339 -5.2482
116.25 5.7833
125.6489 7.11
123.8586 10.2861
122.6053 11.431
124.3072 11.8036
123.4953 13.2589
121.8469 13.3222
120.8839 14.3389
121.0708 14.5158
120.8104 14.8443
120.5421 15.0716
120.3071 22.6419
120.315 23.3053
120.5597 23.9858
119.3333 25.9
119.4058 27.4092
118.9603 27.4264
118.615 27.4294
117.9489 28.6625
119.8392 29.2183
119.8667 30.6
120.4309 30.5311
121.2457 30.1764
126.2978 34.4667
126.5742 34.1775
126.9 34.55
127.5892 34.9753
128.6103 34.7339
128.6811 35.2281
129.0086 35.5589
128.2123 35.7473
127.071 37.331
126.7419 37.5839
122.9911 39.7008
119.5672 35.5794
117.5325 37.6517
115.8333 36.6667
115.8175 38.87
112.6675 37.7447
114.3958 35.7111
116.9833 35.3
115.7703 33.8772
115.6 32.1167
116.5528 31.65
113.9 29.9833
113.7486 28.9689
110.8632 26.3441
115.6703 28.3383
116.9111 27.2973
118.48 24.7728
116.2747 23.6206
115.1504 23.2332
114.1833 22.35
113.2353 23.2426
113.25 23.1167
113.2025 23.1024
109.1695 21.6682
110.1558 19.6656
109.0544 19.3675
105.4188 21.3065
103.023 21.386
105.0627 13.5943
105.1193 12.4287
106.7319 10.8342
101.7073 6.3981
102.4 5.8333
102.5 5.75
101.7783 3.1437
101.7952 2.9885
102.1 3.0167
102.1716 2.5219
102.222 2.2408
103.8908 1.3567
103.9561 1.3411
105.5269 -5.1178
104.2 -4.9833
98.9493 2.8775
99.314 3.4148
100.3814 5.4634
99.6669 7.3862
100.0779 7.6179
99.4167 9.15
99.3331 9.1401
98.4151 9.194
99.1667 10.5
101.1658 12.6989
100.9835 13.3622
100.6116 13.7855
100.9333 13.8833
100.3 16.3833
100.2333 16.9167
99.337 17.8805
87.8487 24.2243
83.9667 21.45
83.9833 25.5833
84.8833 26.0833
83.7239 26.2744
81.9167 26.05
81.0402 26.92
78.8089 24.6966
79.3836 27.9227
77.2 27.8667
75.2333 30.3167
74.8833 32.1
58.3833 37.95
53.2836 36.7443
51.3 36.6833
53.9719 49.6611
49.6917 49.4378
49.147 51.6431
50.4818 53.0145
52.7985 54.5378
59.2106 53.8769
63.596 54.678
69.3969 53.2824
73.8786 54.657
63.6436 56.0825
62.5 57.2333
61.1744 57.9397
58.6283 57.6886
54.9207 57.0538
54.0933 58.9375
50.2135 56.5481
48.5947 52.8594
46.0892 52.8589
41.4181 52.8221
39.8334 54.7897
42.8333 55.9
42.7003 56.1947
41.3417 56.702
38.2844 55.3975
37.6361 55.405
32.8078 53.8092
36.9167 52.2
41.7894 51.5821
40.3412 50.8588
36.5883 49.7987
39.0733 46.9844
39.7567 46.4583
38.176 45.6473
45.0947 41.4547
42.7 40.5833
41.6372 41.6386
36.7219 41.1989
35.7201 41.0748
28.465 43.8388
26.1667 43.8667
26.8 44.5333
28.4028 45.6842
28.0785 46.8611
29.3583 46.8425
29.4711 46.8306
28.8569 47.2847
29.3461 47.8869
27.9289 47.7617
27.0167 47.7667
26.7352 47.1238
26 45.6
26.209 44.9444
25.9496 44.6017
25.4988 44.8019
25.0833 44.8833
25.0833 45.05
23.6333 46.15
19.95 48.15
18.1751 48.5178
15.8833 48.1833
14.7333 47.15
15.75 47.1167
15.9825 46.9564
15.7906 46.4236
15.4467 46.3878
16.2142 45.8508
14.4559 45.3907
17.4006 43.5511
18.4292 44.2658
17.705 45.2189
19.0586 45.2361
18.7167 46.0167
20.2667 46.65
20.4878 44.7858
20.6992 44.4386
21.5972 44.1961
23.5 43.5167
24.1 42.1833
20.8403 42.9075
19.0294 42.6517
20.5933 41.2406
18.25 40.2667
18.1265 40.0514
17.7 40.65
16.3 39.8167
16.3303 39.2252
16.2258 38.6829
15.9315 38.6758
15.1382 37.902
15.1333 37.6833
12.7882 38.0242
15.45 40.0833
15.0669 40.5016
14.366 40.8786
14.3652 41.121
13.3167 41.7747
13.0667 42.0167
12.5167 42.0167
13.85 43.0167
12.4 42.9167
11.2923 42.598
11.3666 42.7918
11.8078 43.3669
10.7632 44.4515
8.8167 44.4333
9.1833 44.6667
9.3833 44.8833
9.3833 45.6333
7.6 45.8
7.3 46.7167
7.0811 47.389
7.4667 47.45
7.2942 47.9291
8.5333 47.4
8.9167 47.8167
8.2167 48.1333
7.4283 48.5428
6.7076 48.5392
7.0252 48.9411
7.281 48.8192
8.2 48.8
8.3986 49.5186
7.7667 49.8833
8.6 50.4667
10.3 49.5167
12.2833 49.9333
11.4167 49.2
11.9 47.9833
13.1833 48.3333
14.2167 48.2667
14.35 48.2333
14.4833 49.65
13.1333 51.5167
14.7813 52.6434
16.4823 51.8048
18.3974 52.5111
17.4983 52.7445
13.2045 54.1884
12.6667 53.75
11.9833 53.7167
11.9677 54.5683
10.9 54.2667
11.5 53.8333
11.3 53.75
10.9 52.8833
10.85 52.6833
9.8167 53.1667
9.9 53.4667
9.5333 53.2833
8.1833 53.1333
8.3833 52.6333
6.7114 52.5706
6.4992 52.4643
6.5613 52.198
5.95 52.0667
6.9333 51.2167
5.9 51.05
5.8833 50.5333
5.6833 50.5667
5.4436 50.6022
4.8 50.35
3.8 50.6167
3.5667 51.1833
3.4433 51.2461
4.0385 51.6503
4.3978 51.3602
4.5333 51.0667
4.5833 50.8333
4.9 50.9333
4.8167 51.0333
5.0413 51.6744
5.19 51.8887
5.3457 52.0334
4.625 52.6188
6.0751 52.9613
7.5333 53.3667
8.9167 54.0167
10.05 54.3667
9.65 54.65
9.9684 55.3693
9.3578 55.2537
8.5496 55.1311
8.4916 55.8013
9.9551 56.8947
12.034 55.9444
16.6167 56.85
13.8 58.2333
13.25 57.1167
11.9833 57.6333
11.6833 57.9833
9.2 59.0167
9.8271 59.5113
13.2333 59.5833
17.2167 60.6833
20.0333 60.25
21.4 60.7667
22.7333 60.5833
23.35 61.4667
23.6667 61.1333
24.4333 60.4833
24.8878 60.4289
24.3769 58.7153
25.9 60.3833
27.6833 60.5667
31.3691 58.6609
29.8083 60.7189
28.8108 61.1575
28.6 61.9
27.7861 62.173
27.9833 64.4
21.6667 62.7167
17.85 63.9333
18.8833 64.8167
18.25 65.0167
16.7667 64.4167
11.1333 63.2
11.6644 62.1024
5.9333 61.6667
5.4004 61.3635
5.4 60.3333
5.7667 60.0167
5.7453 59.8638
5.1723 59.7928
-1.3833 60.2667
-6.7 61.4
-2.4273 56.7481
-2.8833 56.5833
-3.0333 56.1667
-3.3333 55.9167
-3.9167 56.0167
-3.5167 55.0667
-0.2667 54.15
-0.8167 54
-1.2167 53.85
-1.25 53.25
-0.45 53.2667
-0.35 53.2333
-0.8833 53.0667
-0.9833 52.9167
-1.0333 52.7167
-3.4933 51.4569
-2.4167 51.8167
-1.7333 51.95
0.3167 52
1.2 52.5
2.2177 50.9965
3.0622 50.5222
3.4624 50.1535
3.5809 50.1984
3.6425 50.0733
3.84 49.713
4.5667 49.5167
4.6572 49.4869
4.964 48.4569
6.3123 47.8078
5.845 47.7187
5.6365 47.5814
5.7247 46.7516
5.2162 46.7831
4.115 46.2239
4.2651 45.5619
3.7 45.6333
3.8167 45.3833
4.3615 44.9829
4.7039 44.922
4.0308 44.3683
3.3667 43.8667
2.1986 44.4527
1.9501 44.5995
2.9368 44.5339
3.1358 44.701
2.735 45.5124
2.5667 46.2833
3.4726 46.2554
3.3625 46.4435
3.0551 46.5025
3.0519 46.676
2.8419 46.7275
2.6167 47.0333
2.45 47.1667
2.804 47.0706
3.2801 47.076
4.3489 47.1437
3.9434 47.9112
2.9304 48.3355
2.9496 48.3836
3.2015 48.902
3.4773 48.842
3.5723 49.4758
3.2963 49.4017
3.1346 49.5252
2.9814 50.0858
2.2635 50.3972
1.7738 50.5546
1.7728 49.8162
1.452 49.8067
1.5903 49.3829
1.4362 49.1176
1.6876 49.1769
2.2049 48.9711
2.2886 48.8939
2.2211 48.7326
2.2918 48.226
1.5257 47.7937
1.0403 47.0555
1.5719 46.1559
0.9093 46.3225
0.3778 46.9756
0.2961 47.4257
0.384 47.683
-0.3391 48.495
-0.3976 47.4559
-1.1167 47.1
-0.9861 46.707
-0.1208 46.5898
-0.218 46.3234
0.0364 46.2467
0.0247 46.0746
0.2667 45.6833
-0.7913 46.0773
-0.4915 45.7015
-0.4356 45.4609
-0.3 45.45
-0.5531 45.0791
-0.4633 44.9269
-0.2864 44.818
0.2549 44.8265
0.4749 44.6138
0.4157 44.9979
0.4167 45.2
0.6147 45.1749
0.7833 44.8667
0.8167 44.8167
0.6716 44.6189
0.5224 44.38
0.2419 44.3743
-0.1531 43.9028
0.5013 43.3823
1.3519 43.4798
1.0379 43.3426
0.8994 43.0848
0.9667 42.937
1.535 42.877
2.1238 42.7379
1.8119 41.2351
-0.531 39.7416
3.2667 39.7333
6.6333 36.3667
8.7842 34.425
8.7842 34.425
1.4961 35.1857
-0.109 38.7549
-1.3667 39.2
-2.9497 40.1657
-3.191 40.2077
-3.6597 40.3924
-4.3095 40.9918
-5.7935 41.0394
-5.6641 41.392
-3.6949 41.1815
-3.558 40.8857
-2.7443 40.8482
-1.6716 42.7177
-2.2667 42.6167
-3.0257 42.7754
-3.25 43.1167
-5.7073 43.3024
-5.8643 43.5787
-6.3194 42.9393
-7.0159 42.8829
-7.5667 43
-7.259 42.483
-8.3833 42.1167
-8.6167 42.2
-8.7364 41.3135
-8.3089 41.3821
-7.9983 41.097
-7.4675 41.2292
-5.9062 40.5068
-5.5833 40.3167
-6.6378 40.0613
-7.5555 40.7054
-8.3491 41.0522
-8.4673 40.8204
-8.3207 40.8004
-8.1019 40.5315
-8.4456 40.2907
-8.4954 39.7765
-8.3881 39.4918
-8.7861 38.3806
-8.3797 37.9997
-8.2354 37.1011
-28.1632 38.4111
-17.4542 14.6928
-37.5667 -5.7833
-36.5217 -8.2919
-39.4847 -11.4339
-42.3696 -9.5411
-43.5087 -7.0888
-45.7438 -8.4719
-45.5202 -9.7274
-45.477 -9.9228
-45.45 -10.9167
-39.7915 -14.9031
-43.7099 -16.3278
-42.7661 -18.1678
-47.021 -23.688
-50.3667 -21.8667
-54.6667 -30.9833
-55.9 -34.7
-58.5167 -34.65
-58.7618 -34.5096
-60.6833 -33.1
-61.9028 -31.0902
-63.5804 -32.6107
-64.9933 -33.1754
-61.3167 -33.7
-60.9363 -35.9883
-69.1778 -38.8056
-72.5167 -51.7333
-72.6 -38.7333
-71.2272 -30.2008
-67.6333 -27.6833
-55.9829 -15.4543
-50.7914 1.7433
-57 -0.9833
-76.9667 -12.1333
-76.9667 -12.0333
-80.4167 -0.6
-74.2168 4.5794
-73.2228 6.6357
-74.2875 10.9972
-61.4333 10.25
-61.3333 10.6333
-61.75 12.05
-61.3833 15.2833
-62.9833 17.4667
-63 18.25
-69.8864 18.47
-77.3667 18.4
-89.0278 13.9381
-89.6833 13.9333
-96.45 17.1167
-97.7472 17.7286
-97.35 18.3167
-97.1 18.9167
-96.1772 19.1278
-97.1583 19.5667
-97.7333 18.9
-97.9161 19.5845
-100.1833 20.7167
-101.1339 20.6208
-103.0333 20.5833
-104.25 19.2833
-103.3463 23.6246
-100.4772 23.1935
-99.4187 28.0305
-95.4525 29.4185
-91.8463 32.2648
-90.799 29.3725
-86.7311 21.2311
-88.2723 30.7564
-86.9939 33.5792
-85.6725 33.251
-82.1525 32.5389
-81.2177 37.4443
-84.8836 37.9151
-85.7026 37.9633
-90.1268 35.5365
-92.2929 38.692
-98.2063 37.9992
-98.5368 33.8019
-106.7802 36.214
-108.4201 37.2971
-112.2444 38.4155
-111.3989 33.3616
-111.528 33.1911
-116.8356 33.6425
-117.5723 34.4261
-120.2568 37.9947
-120.8367 39.1977
-121.8957 41.7497
-123.549 46.559
-121.487 45.7993
-117.8607 47.6983
-127.7 52.35
-165.4772 61.7448
-114.1833 64.1833
-107.0345 53.5001
-104.5333 52.6667
-109.7516 50.4501
-105.2603 43.2319
-100.7244 43.6203
-93.9343 40.8324
-92.0791 40.9333
-90.9565 42.6797
-90.5393 42.5236
-89.2898 43.0125
-91.9297 46.5599
-95.8877 47.653
-96.5942 48.7531
-85.65 48.6833
-83.4 47.8333
-77.6167 44.5167
-79.7463 43.1607
-80.8566 41.7564
-81.8337 43.075
-82.9374 42.3759
-83.7408 41.4192
-78.7742 40.3011
-76.3636 37.8025
-75.2267 40.0143
-75.1078 40.0979
-74.2563 40.2182
-73.9768 41.2118
-72.4353 43.1418
-71.6176 42.4918
-69.6344 43.807
-70.1928 44.6159
-70.287 46.5782
-67.7466 46.9266
-67.0592 44.8081
-65.3735 45.6496
-65.0754 45.9489
-64.5321 44.3501
-63.2028 45.531
-63.0745 45.4719
-55.4667 47.6833
-54.9167 47.3667
-9.5167 52.05
-8.7833 52.1667
-8.8933 52.9394
-8.2211 53.2108
-7.2703 52.5831
-4.7878 51.9139
-4.1178 51.7536
-3.6767 51.5333
-3.5333 50.9
-3.7833 50.6333
-3.7841 50.2825
-5.1974 50.3106
-5.6 50.1833
-4.2024 48.4973
-3.6396 48.5277
-3.1127 47.598
-2.4803 47.2775
-1.6795 47.5965
-2.7 48.0667
-2.8178 48.5705
-1.5309 49.217
-1.3374 49.3561
-2.0167 50.6
-2.8922 51.545
-4.2833 53.0333
-6.5789 53.0144
-7.8 53.7333
-7.374 54.571
-6.2667 54.4667
-3.2167 54.1833
-2.5167 53.7167
-0.0333 51.6333
0.3667 51.6667
0.3167 51.9
0.8667 52.0833
2.2546 50.5394
2.95 50.75
3.1671 49.8566
3.048 49.5883
2.3707 49.1308
1.7544 49.1956
0.6348 49.531
-0.3951 48.9891
1.0094 47.7235
3.4325 47.4974
2.1167 48
1.7726 48.4636
1.8776 48.586
2.8602 48.9411
5.3833 50.3
5.5167 52.1
6.3 51.2167
7.2333 50.85
7.5667 50.5833
7.5693 51.0006
8.7833 51.55
11.3167 50.35
11.9333 50.1833
11.35 49.8
10.8167 49.7667
10.35 49.5833
10.5667 49.5667
11.4167 49.55
11.9333 49.0333
11.8 48.6667
11.2333 48.8833
10.65 48.8667
10.6136 47.93
11.6833 48.5333
12.4 47.9667
13.2167 47.9167
12.7314 46.8472
12.4833 46.6
11.6833 46.4333
11.6667 46.7667
11.25 46.9167
9.9667 47.0167
10.25 47.8667
9.5333 47.6833
9.2269 47.3259
9.05 47.1167
9.0706 47.4097
8.5575 47.6811
8.2167 48.8
7.5529 48.6712
7.4388 48.7182
7.3014 48.2854
6.5745 48.1617
4.9351 47.9149
6.4534 47.6223
6.7491 47.0562
6.905 47.1771
7.5529 47.5012
7.6167 47.7833
8.0167 47.75
8.2833 47.6
8.3102 47.2678
8.5877 47.2485
8.2335 46.8993
7.6961 46.6585
7.7089 46.321
6.8333 46.15
6.778 46.4821
6.6045 46.6589
6.1403 47.0331
6.2047 46.4154
6.2232 46.2457
6.1018 46.1839
5.4302 45.9072
5.4221 45.3979
2.1731 44.8285
1.3 44.0167
-0.6455 43.6642
-1.0572 43.3844
-0.45 43.1333
-0.7533 42.7565
0.2072 42.4645
0.2039 42.3204
-0.0423 41.7159
-0.8114 41.0331
-0.7872 39.1321
-0.1268 38.7731
2.0366 41.3436
1.8833 41.4934
3.1078 42.0112
3.45 44.2
5.355 43.2133
5.751 43.7617
5.5112 43.8584
5.6374 44.2322
5.287 44.9986
5.7265 45.1129
6.1167 45.0333
6.1053 45.7083
6.5602 45.4709
7.65 45.3667
7.3667 44.95
7.4484 43.8785
7.3853 43.752
8.3333 44.35
9.1156 44.3722
9.0333 44.8167
8.2833 45.1333
8.1667 45.6167
8.552 45.8342
9.1 46.0833
9.6167 46
9.3167 45.7
9.15 45.65
8.85 45.5833
9.1667 45.5333
9.4276 45.6405
9.4642 45.5671
9.8167 45.2
11.25 45.7333
11.4833 45.7
11.6143 45.5464
11.8333 44.7167
11.8667 44.35
11.5855 44.3985
11.1167 43.9833
11.45 43.6833
11.6 43.2833
12.8333 43.3
13.25 42.7
13.5833 43.15
13.6255 43.492
13.7636 45.11
13.7814 45.5853
13.9797 45.7967
13.0717 45.8839
13.0506 45.9061
12.5 45.6833
13.8714 46.9258
14.9167 46.9667
15.1833 47.2333
15.4667 47.2833
15.5642 47.0232
15.6667 47.05
15.9656 46.7647
16.5833 47.5833
14.2333 48.4167
14.0167 48.2
13.9 48.2333
13.6667 48.2
13.7333 48.3833
13.8167 48.4667
13.75 48.4833
13.5197 48.5397
13.0833 49.7167
13.0725 49.7485
14.0248 49.5326
14.5393 50.0489
14.6833 50.1167
15.0197 50.2839
15.3853 50.5119
16.0333 50.8833
16.2204 51.2801
15.2131 51.6347
15.0308 51.814
14.9667 51.9333
15.4222 52.012
16.3013 52.0073
16.7611 52.2801
17.3833 52.4833
17.7066 51.8581
17.9485 52.0478
19.2892 51.9598
19.5508 51.8839
19.9728 52.0264
20.4806 51.9394
20.35 52.0833
20.4639 52.2666
18.9132 52.7328
19.2613 53.0535
18.4833 54.6833
19.4178 54.2713
19.742 54.0905
20.4756 54.1484
21.2069 52.8227
21.7995 53.1442
23.7297 53.1686
22.9727 53.9081
24.0333 54.05
23.3833 54.5833
21.6333 55.6667
21.9333 56.5333
24.4833 55.6333
28.4654 56.2955
30.9109 56.0459
30.5953 56.3982
24.3889 58.5114
22.25 61.6167
26.55 65.5167
29.1 64.4833
37.6396 59.1892
42.16 61.08
56.4147 64.8992
78.3147 45.4528
78.9667 44.55
86.5683 42.0586
81.0758 43.1228
75.4533 43.5581
76.1519 39.7061
72.3873 33.5937
74.3517 33.6147
75.1333 32.9333
77.1833 30.9833
87.8833 23.0667
88.6303 23.7769
100.3333 14.95
103.9966 11.8551
99.9 12.6667
100 13.4
81.6333 17.25
78.655 17.4306
80.05 15.35
80.2781 13.0819
80.2408 13.07
80.1333 12.95
78.9406 9.8228
80.4167 7.4833
80.45 5.9667
79.9159 6.8545
76.9667 9.85
76.2559 9.9201
75.8689 11.178
75.35 12.05
75.7 16.1833
76.3833 18.7333
79.2227 24.6282
79.7333 26.1167
77.4633 29.5608
75.5967 31.0964
74.2222 32.0472
73.1835 31.5678
70.9247 30.8754
69.5725 32.2989
61.6833 27.1167
50.8867 35.8474
46.789 34.9267
47.2679 32.6941
44.5244 33.8183
45.1958 34.7294
46.5877 35.8849
46.1253 38.1736
46.5113 38.8056
44.9667 39.5
47.9697 42.0228
46.456 42.6491
45.6067 43.0561
45.7556 43.3021
45.7764 43.4281
45.0503 43.2386
44.4858 42.1242
44.3825 40.4861
40.111 40.7874
41.5667 38.0333
38.9167 38.55
36.1333 36.0167
35.7167 34.1167
35.6178 33.9808
35.5783 33.2356
35.563 32.7138
35.3934 32.5602
35.0208 32.5635
35.0658 32.1858
35.1667 31.8833
34.7296 31.6625
31.2667 31
30.8418 29.3099
30.1292 31.1397
28.15 38.2
26.9667 38.3
23.965 38.2025
24.75 41.5
24.9167 42.2667
24.7333 42.35
24.7667 42.6
23.2 42.75
24.8667 43.4667
24.5667 43.7333
23.8667 44.5
23.2 46.2333
23.9764 46.4483
24.5694 48.6348
25.8411 47.3849
26.3667 47.1667
26.8861 47.6174
27.6667 46.2333
26.2281 44.1862
26.1 43.3667
26.8 43.9667
27.4833 43.6
26.8833 42.7667
26.1833 42.1167
26.9011 40.89
27.9467 39.6817
28.9684 41.0318
29.4944 40.8861
29.5833 40.65
30.2011 40.8486
31.3792 41.1694
32.8953 40.032
34.6252 38.7459
34.4327 40.8604
34.103 44.4336
33.9619 44.8361
35 46.9167
37.1611 49.3095
37.8214 50.5709
31.8871 49.2224
30.2059 50.4147
26.1849 50.6015
25.1833 50.8833
22.6895 50.1419
22.5667 50.1667
21.6833 50.2833
21.4392 51.0093
21.4828 51.3163
22.1726 51.3451
23.4386 51.3488
22.573 51.7058
22.2206 52.1678
21.15 51.8333
20.9078 51.6693
20.0137 51.1322
20.5667 50.45
20.7398 50.5088
21.1573 50.3794
21.95 49.25
21.6787 48.469
20.95 49.05
20.8769 49.2634
20.75 49.2167
20.5269 49.4152
20.8833 49.6167
20.8446 49.679
21.0059 49.7273
20.6607 49.8532
20.3319 49.9305
20.1667 50.0167
18.9538 49.8548
19.4333 50.1667
19.2333 50.4667
18.599 50.7156
18.5328 50.3906
18.3401 50.5107
17.9373 50.337
17.7765 50.4936
16.6621 50.8181
17.2998 49.8208
17.7094 49.8989
18.1699 49.5649
18.6869 49.421
18.5153 48.6597
17.4167 49.2333
17.0667 49.3667
17.0667 49.2833
17.0704 48.8397
16.15 48.3667
16.1667 48.15
16.2 47.95
15.9 46.75
16.3667 46.25
18.8582 46.5731
19.0022 46.64
19.4333 47.3
19.4361 47.6653
21.3167 46.15
21.8536 45.8125
20.2164 45.9025
18.7831 45.4556
18.3358 45.6833
18.06 45.5792
16.5714 43.5719
16.0833 43.5667
16.2 44.4667
15.2333 45.4833
15.1667 45.7333
14.5667 46.2
14.6167 46.5333
14.6 46.6167
14.85 46.7667
15.2833 47.4167
15.95 47.8333
15.8667 48.1167
15.65 48.0667
14.8333 48.15
14.7167 48.2
14.3884 48.7027
15.1167 48.3333
15.9 48.5667
15.45 48.8
15.1582 49.3623
15.0171 49.9117
14.8472 50.1441
14.8893 50.3513
14.2478 50.3617
14.0864 50.3218
13.836 50.4512
13.843 50.6331
12.6333 50.7833
13.4444 50.9
13.5333 51
13.3667 51.1167
14.2833 52.65
15.8423 53.2961
15.2985 53.9398
14.5465 53.4733
14.4117 53.3627
13.6 54.1167
13.4167 54.3333
13.0833 54.25
11.3489 55.2861
9.5333 55.2333
10.3333 54.4333
9.5376 54.4565
9.15 54.15
9.3 53.5167
10.4167 53.9833
10.9667 53.8
11.95 53.65
12.5167 53.7833
12.7667 53.6
13.2833 53.6167
13 52.4667
12.6 51.8333
12.1 51.5667
11.9167 51.2333
10.7833 51.2667
9.5333 51.3333
9.7535 52.0189
8.5833 52.2333
7.7212 52.3689
6.7145 53.1432
6.068 53.0045
7.45 51
9.1 50.8667
8.8333 50.5167
9.7 49.6833
8.7089 49.8314
7.15 50.3667
6.75 49.9167
7.6 49.55
7.5333 49.4667
7.6667 49.3667
8.2167 48.9333
7.5727 48.2079
7.0376 49.0257
6.5667 49.6667
5.7333 49.7667
5.1667 50
4.705 50.0046
5.35 51.1
4.95 51.1
4.8 51.1333
4.7 51.2667
4.3833 51.1667
4.6 50.8167
2.6363 50.3736
2.6868 50.0809
2.9566 49.8966
2.6487 49.699
0.8528 49.5995
-0.2831 48.9736
0.0214 48.7314
1.2339 47.6135
2.1729 47.6089
3.2743 48.365
3.3679 49.002
3.5555 49.5296
3.9031 48.4695
4.716 48.4345
4.8952 47.1864
4.9453 46.8756
5.1869 45.9406
6.8822 46.7276
7.6706 46.764
7.4667 45.4
7.4333 45.05
6.235 43.1371
9.6833 40.5667
8.6108 39.1603
14.8833 37.0833
15.2333 37.8167
15.7126 38.0103
16.4667 38.4667
16.8608 39.1328
16.3667 39.0667
15.7833 40.0333
15.2833 40.25
14.4167 40.9167
11.0833 42.8833
10.6167 43.05
10.5 43.8
9.2851 44.3817
9.7023 44.4469
10.4664 44.3892
11.4667 45.35
12.1764 45.32
12.3588 46.1208
12.381 46.141
13.0073 46.1571
12.8494 46.8381
11.3667 47.1667
10.4667 47.1
11.2833 47.7833
11.2333 47.8833
11.7667 47.8833
13.1833 47.8
