12.9706 47.9194
-79.981 39.7577
37.6396 59.1892
83.6167 21.3333
11.6833 46.4333
7.5833 52.5167
3.1346 49.5252
-43.0833 -10.9833
-5.7935 41.0394
14.9 51.6833
99.337 17.8805
127.2167 36.9167
-78.7742 40.3011
-1.0333 52.7167
135.6319 34.6205
-121.8957 41.7497
28.5487 50.2729
1.7728 49.8162
3.3667 43.8667
-61.261 45.9593
10.3 48.65
7.6167 47.7833
-5.6 50.1833
9.2851 44.3817
11.9333 50.1833
45.7764 43.4281
14.3772 46.783
3.1256 45.403
101.7783 3.1437
146.9188 -36.1454
-8.7833 52.1667
3.0551 46.5025
82.3801 50.0746
-0.6748 48.8538
151.0833 -31.2
10.35 49.5833
117.0453 24.2819
50.4818 53.0145
-143.6665 70.1241
100.3333 14.95
0.6348 49.531
8.2833 45.1333
5.5167 52.1
-7.0159 42.8829
76.1519 39.7061
-80.8566 41.7564
2.9814 50.0858
-63.5804 -32.6107
137.7311 -35.044
0.0431 43.8
109.0544 19.3675
20.3319 49.9305
10.4333 49.3167
0.2072 42.4645
10.9 52.8833
1.8615 46.8849
122.9097 41.2172
14.7167 48.2
127.0833 37.5167
23.965 38.2025
4.7747 51.5143
0.4749 44.6138
134 46.22
4.7915 46.5515
-0.7965 38.0864
13.1333 51.5167
10.4667 47.1
0.05 44.3333
22.3 63.2
13.6667 48.2
25.4988 44.8019
6.2232 46.2457
10.35 52.6667
100 13.4
99.3331 9.1401
110.8464 27.5467
2.45 47.1667
-96.2813 32.3605
15.0171 49.9117
120.8839 14.3389
-95.4865 35.4364
26.8 43.9667
16.4667 38.4667
-37.5667 -5.7833
-89.2898 43.0125
-59.6167 13.1
175.45 -37.8667
-54.9344 -10.1693
30.8558 -30.0963
12.5265 54.961
-117.8607 47.6983
115.7368 -31.779
35.0208 32.5635
-61.75 12.05
6.3 51.2167
-61.0567 14.8329
-3.6217 37.9485
13.8 58.2333
147.25 -33.5333
46.6592 45.2701
6.3123 47.8078
135.7833 34.6333
3.4433 51.2461
5.9041 46.946
100.2333 16.9167
6.235 43.1371
151.2167 -33.7333
20.4639 52.2666
176.1333 -37.7167
3.2963 49.4017
137.7667 -34.5167
-3.9167 56.0167
-89.0278 13.9381
45.0503 43.2386
0.2961 47.4257
6.5667 50.4167
13.7833 48.1
3.9 7.8
11.9833 53.7167
6.75 49.9167
13.2167 47.9167
131.2908 31.385
4.5333 36.4611
23.6333 46.15
4.5667 49.5167
5.25 59.4833
8.2167 48.9333
-70.0731 44.4354
122.2829 30.027
7.5667 50.5833
-1.8833 52.15
18.7167 46.0167
24.4417 55.7083
-8.3089 41.3821
12.3588 46.1208
-36.5217 -8.2919
-45.2824 -22.0085
18.5328 50.3906
15.3167 48.4833
46.4981 51.6134
74.3517 33.6147
15.45 40.0833
1.3814 48.3671
15.75 47.1167
18.5063 47.1027
127.5892 34.9753
120.8636 -2.5333
5.2153 45.757
8.9167 54.0167
20.45 50.05
4.115 46.2239
1.6876 49.1769
129.7228 33.1592
15.0669 40.5016
7.2636 47.0963
23.2 42.75
16.2258 38.6829
40.7377 56.9227
-97.35 18.3167
7.4667 45.4
11.478 55.6724
34.7296 31.6625
7.3853 43.752
3.7167 50.8667
2.2049 48.9711
-8.3491 41.0522
35.7201 41.0748
139.5708 37.7292
70.0333 21.8833
30.9109 56.0459
-165.4772 61.7448
10.05 54.3667
82.0438 17.2444
-101.1339 20.6208
130.85 45.8
115.5167 52.35
139.2236 35.3711
35.8667 -1.0833
145.95 -37.9333
1.8776 48.586
24.3889 58.5114
17.705 45.2189
4.625 45.9873
26.8861 47.6174
-38.1167 -12.6667
-104.5333 52.6667
11.1167 43.9833
-76.8828 0.0847
100.6116 13.7855
3.2658 46.8506
114.1833 22.55
-78.9499 40.1992
11.4667 45.35
35.1667 31.8833
38.9333 15.3333
139 36.5
126.5814 37.6522
22.1726 51.3451
-8.4954 39.7765
30.8418 29.3099
-61.7167 16
13.85 43.0167
18.8833 64.8167
13.1833 47.8
0.3667 51.6667
25 45.7833
9.1 50.8667
9.6377 46.9902
15.1667 45.7333
15.8667 48.1167
4.625 52.6188
-2.2667 42.6167
20.6663 52.9372
9.9551 56.8947
-8.3881 39.4918
140.2736 38.1539
139.9804 35.821
101.7952 2.9885
-90.0417 32.8065
143.3647 -37.686
105.0627 13.5943
-5.7073 43.3024
25.0833 44.8833
9.2269 47.3259
37.9058 55.5814
140.1167 37.6833
-61.5167 10.6667
3.3679 49.002
-91.8463 32.2648
0.7833 44.8667
137.1 37.4167
-7.6685 41.477
11.6644 62.1024
20.1667 50.0167
79.1167 21.95
24.5694 48.6348
14.5044 45.7125
-63.0961 10.3089
5.9333 61.6667
12.1 51.5667
21.4 60.7667
1.5257 47.7937
-83.1016 37.334
117.5325 37.6517
-91.9297 46.5599
-41.05 -19.25
-5.9062 40.5068
20.6607 49.8532
-41.3374 -17.6791
78.655 17.4306
21.3167 46.15
5.9 51.05
15.9 48.5667
-98.5368 33.8019
20.95 48.3
9.1667 45.5333
1.9501 44.5995
-3.45 53.2667
126.7419 37.5839
10.7333 47.0667
29.7253 60.5196
-5.7167 42.1
120.5597 23.9858
-63.6833 -40.4333
-0.9861 46.707
23.8 61.8833
15.6995 54.1941
-2.8178 48.5705
13.836 50.4512
29.3461 47.8869
120.0469 -33.583
112.0493 -6.9021
21.95 49.25
10.6136 47.93
45.8712 55.7226
0.5224 44.38
53.9719 49.6611
-4.2024 48.4973
11.2333 47.8833
47.1627 23.9915
-111.528 33.1911
-99.335 18.7262
15.8833 46.9667
-0.1531 43.9028
24.7333 42.35
-76.886 34.6885
-61.5 10.1333
1.5903 49.3829
22.7696 54.2609
150.4306 -34.4393
16.7611 52.2801
-70.5 19.4167
126.722 37.5053
28.465 43.8388
56.2983 58.2189
21.7995 53.1442
20.95 49.05
80.2781 13.0819
122.5922 10.6558
3.5555 49.5296
29.3583 46.8425
75.5667 11.9667
113.2025 23.1024
12.0726 51.1097
-3.3333 55.9167
-4.1178 51.7536
8.3333 56.2667
15.9 46.75
117.1399 51.591
67.9055 27.8477
50.2135 56.5481
130.4 31.95
5.8897 44.1697
-5.5735 43.2599
16.6621 50.8181
-112.2444 38.4155
129.137 61.4777
81.0402 26.92
10.85 44.6
8.5334 47.1434
-1.3833 50.9
-105.2603 43.2319
31.3691 58.6609
-97.9161 19.5845
-4.2833 53.0333
4.4186 46.1931
25.0833 45.05
118.1167 -30.8833
74.0793 32.9757
1.3519 43.4798
14.8167 55.1667
11.6833 57.9833
21.4392 51.0093
9.2799 41.5894
25.4 44.5667
-5.8643 43.5787
10.3333 54.4333
100.6833 14.7333
9.2725 45.5801
-85.8065 42.0312
102.9104 53.4357
-4.9 39.4333
75.2333 30.3167
-57.5167 -16.5333
77.05 19.1833
1.0094 47.7235
-0.8833 53.0667
0.8528 49.5995
11.7667 47.8833
-45.7438 -8.4719
7.4 44.2333
11.2333 48.8833
24.8667 43.4667
17.6231 45.2789
75.35 12.05
-69.6667 18.6167
11.8333 44.7167
17.7094 49.8989
153.15 -28.8667
6.9959 45.3206
23.6667 61.1333
14.8472 50.1441
137.3333 37.4333
26.7074 53.5092
87.6005 43.801
-0.3923 43.8899
113.0598 -7.2001
115.223 -8.4203
176.8242 -39.6744
7.4283 48.5428
-121.2563 39.5932
16.3667 39.0667
-2.35 57.65
149.7833 -29.9167
14.4559 45.3907
26.55 65.5167
-100.1833 20.7167
15.4751 51.7042
117.0824 -32.5325
4.9453 46.8756
12.0667 49.6333
120.315 23.3053
132.7661 33.8417
-0.1208 46.5898
-5.1974 50.3106
88.405 56.5144
83.7239 26.2744
102.1 3.0167
0.2549 44.8265
9.2708 50.7518
76.1804 43.1482
12.6333 50.7833
-9.2333 52.3167
-8.5366 39.9387
8.3333 44.35
109.513 -6.8739
-144.4396 61.5156
-107.0345 53.5001
7.1454 47.5937
-8.3747 40.9727
37.6361 55.405
-0.75 53.55
9.1167 48.2333
79.8757 7.1643
116.9111 27.2973
8.1833 53.1333
138.7833 34.6667
111.6014 -6.6806
23.5 43.5167
15.5642 47.0232
-64.6781 32.3817
4.6447 45.878
123.8461 8.3096
21.7831 50.6568
28.4145 -26.2047
139.7055 36.0576
152.0333 -26.8833
9.2132 52.7794
6.6045 46.6589
5.3833 50.3
124.3072 11.8036
5.0039 48.7833
-3.6396 48.5277
78.5324 21.4213
13.5017 45.7933
13.75 48.4833
149.9667 -36.35
28.8569 47.2847
84.8833 26.0833
139.9757 69.3096
3.8 50.6167
15.65 48.0667
-97.1 18.9167
-5.9889 37.6758
45.0947 41.4547
-123.549 46.559
-111.3989 33.3616
0.7838 44.0607
61.6833 27.1167
49.147 51.6431
-73.6862 40.7939
7.2333 50.85
34.6252 38.7459
102.5 5.75
18.9008 53.6846
111.8956 -8.241
27.2174 -32.8348
15.2333 45.4833
-2.5333 57.0167
100.3333 24.3167
0.6147 45.1749
51.5419 60.3344
23.9764 46.4483
9.5333 55.2333
-4.7878 51.9139
19.5508 51.8839
-100.4772 23.1935
46.1253 38.1736
35.5783 33.2356
-75.2267 40.0143
0.0247 46.0746
-96.5942 48.7531
14.6833 -13.7833
10.0667 53.6
11.6143 45.5464
21.9167 61.0833
-5.4789 40.4762
18.6869 49.421
-7.95 42.3167
13.2045 54.1884
-4.2146 37.9454
141.909 -12.698
3.8167 51.0667
44.3825 40.4861
-64.8333 46.0667
98.4151 9.194
-86.9939 33.5792
-0.4633 44.9269
2.8774 49.4378
-85.65 48.6833
34.103 44.4336
73.0102 33.5941
107.0764 -6.2747
16.15 48.3667
8.6108 39.1603
139.4948 35.3423
17.9372 45.6961
81.7241 16.8355
14.3884 48.7027
150.6 -33.7167
9.9 53.4667
15.1833 47.2333
132.7167 33.2833
15.95 47.4333
1.8978 45.2303
-75.8427 40.0107
-76.3636 37.8025
18.3358 45.6833
-8.2211 53.2108
15.1167 48.3333
14.9667 51.9333
138.7667 47.2333
2.0366 41.3436
79.45 17.3667
44.9667 39.5
9.2 59.0167
116.6587 -8.5118
11.1333 63.2
14.6 46.6167
-1.3374 49.3561
2.8602 48.9411
38.3994 54.7481
-3.5333 50.9
17.4167 49.2333
4.716 48.4345
-61.2333 15.9
78.1167 18.6667
17.0667 49.3667
-83.4 47.8333
42.7 40.5833
14.1333 58.3833
9.0944 45.331
28.0785 46.8611
29.5833 40.65
139.6297 35.8559
20.4756 54.1484
24.4833 55.6333
20.8182 50.2399
18.3974 52.5111
-3.558 40.8857
5.2333 50.3833
18.5153 48.6597
69.5725 32.2989
10.25 47.8667
107.5064 28.6297
-69.8864 18.47
35.9671 52.9995
-47.021 -23.688
-8.3833 42.1167
78.3147 45.4528
-0.531 39.7416
32.8953 40.032
13.7814 45.5853
105.1193 12.4287
38.1667 56.0333
16.3667 46.25
3.048 49.5883
-16.7201 28.0501
-85.6725 33.251
11.8 48.6667
20.8446 49.679
14.4167 40.9167
-61.3833 15.2833
15.4667 47.2833
133.7483 34.5547
9.1 46.0833
-95.4525 29.4185
-0.4 51.4
-57 -0.9833
-86.8634 37.666
12.8494 46.8381
-3.0841 51.0483
42.7003 56.1947
4.3489 47.1437
-7.2703 52.5831
3.0043 46.7086
-96.8833 19.275
-7.374 54.571
35.3934 32.5602
1.452 49.8067
139.85 35.75
12.6 51.8333
-121.487 45.7993
17.4916 49.381
18.8582 46.5731
18.4292 44.2658
-80.1333 -0.1667
11.9833 57.6333
18.7831 45.4556
26.1667 43.8667
14.0726 50.4097
-60.6833 -33.1
71.7678 40.4772
12.7882 38.0242
-71.6176 42.4918
-2.8833 56.45
-0.3391 48.495
74.4667 16.1667
1.5253 50.0414
34.3129 51.1502
-7.8269 53.2694
59.2106 53.8769
6.1403 47.0331
-72.4167 -13.5667
2.804 47.0706
25.1833 50.8833
20.4114 52.6009
-97.6986 42.0322
14.1833 61.15
3.9434 47.9112
81.1167 25.7833
105.5269 -5.1178
-89.214 20.7718
10.3428 46.03
25.0956 59.1256
103.023 21.386
26.9011 40.89
20.6992 44.4386
-54.6667 -30.9833
6.8167 44.9833
11.2576 44.5454
-72.6667 48.8833
14.4117 53.3627
-87.198 33.2904
-83.7408 41.4192
19.4333 50.1667
-5.5833 40.3167
126.2978 34.4667
-59.6167 13.2167
13.0725 49.7485
122.6053 11.431
78.9406 9.8228
1.8833 41.4934
3.3625 46.4435
-28.1632 38.4111
-43.7099 -16.3278
22.6653 41.4053
-99.4187 28.0305
4.95 51.1
-16.3333 28.5333
100.9333 13.8833
-69.9333 -27.0833
16.2204 51.2801
120.9903 30.0751
9.1833 44.75
-83.8352 40.5595
145.9333 -41.0833
38.9167 38.55
14.8333 48.15
8.3992 49.5186
-39.7109 -10.3403
72.3873 33.5937
94.8333 26.2833
114.5618 23.4274
27.7861 62.173
130.6 33.2
16.3013 52.0073
103.9561 1.3411
30.2059 50.4147
9.65 54.65
15.8833 48.1833
31.3792 41.1694
8.2 48.8
15.0308 51.814
24.9667 45.0167
27.9467 39.6817
139.0897 35.6717
35.563 32.7138
-74.1064 40.6705
-2.4803 47.2775
1.4961 35.1857
113.8825 22.7874
-86.7311 21.2311
6.2793 47.6957
115.8175 38.87
56.4147 64.8992
7.8167 49.6667
3.4773 48.842
63.596 54.678
18.3401 50.5107
-5.6641 41.392
2.9304 48.3355
2.2886 48.8939
41.0305 45.351
131.43 43.04
7.5693 51.0006
-8.4456 40.2907
-82.1401 37.6484
72.8 19.1833
-87.9317 45.5944
127.4394 35.3156
8.3833 52.6333
14.0248 49.5326
15.1333 37.6833
6.9333 51.2167
117.1 60.2333
17.9373 50.337
23.2 46.2333
22.7775 55.4289
112.4662 22.0507
-104.25 19.2833
5.1167 51.35
3.3833 45.7333
4.7 51.2667
128.6103 34.7339
12.4333 54.2
2.9566 49.8966
8.552 45.8342
18.1699 49.5649
9.8271 59.5113
3.2801 47.076
-2.8167 53.3667
-3.2167 54.1833
9.8167 53.1667
79.2197 24.8305
112.3037 -7.6703
-72.6 -38.7333
7.6 50.65
4.7425 45.2667
28.2703 -26.0579
5.7333 49.7667
13.0717 45.8839
125.6489 7.11
-9.6167 51.9
-64.9933 -33.1754
18.9132 52.7328
22.25 61.6167
21.2069 52.8227
-3.0333 56.1667
16.5833 47.5833
-0.7103 48.6459
20.5269 49.4152
-49.6774 -25.5215
57.2627 27.7286
110.0664 34.5653
-7.9983 41.097
-49.1188 -26.8899
-0.0333 51.6333
-3.191 40.2077
139.4174 35.5454
150.2823 -34.4916
25.2 45.15
23.15 53.3706
0.6996 45.5897
30.5953 56.3982
47.2679 32.6941
-8.75 42.8667
75.4533 43.5581
14.4333 52.6667
0.3 51.55
113.9 29.9833
13.25 57.1167
13.4444 50.9
12.8167 49.0833
-2.4273 56.7481
4.9 50.9333
31.8871 49.2224
-9.5167 52.05
150.8807 -33.9112
-114.1807 47.2771
19.729 49.7307
-121.3111 38.291
17.7765 50.4936
145.1667 -37.95
-61.9028 -31.0902
40.24 45.5161
-0.4333 38.6167
-0.5531 45.0791
75.5167 18.0167
40.111 40.7874
151.6098 -32.9749
29.1 64.4833
28.303 -26.222
114.1833 22.35
-83.1201 39.8639
16.2079 52.2632
20.75 49.2167
5.8507 52.4497
127.071 37.331
-6.5789 53.0144
148.6833 -20.2833
-5.8459 36.1369
26.1833 42.1167
118.615 27.4294
-97.7472 17.7286
25.4167 64.9333
-0.7872 39.1321
81.0758 43.1228
1.8119 41.2351
1.3833 52.0333
8.6 50.4667
76.4833 24.9833
-99.1969 19.4499
19.742 54.0905
9.4453 45.358
-0.6455 43.6642
3.1671 49.8566
111.0197 -7.37
130.6206 32.5024
-54.9167 47.3667
6.9241 47.4899
5.287 44.9986
-3.25 43.1167
-8.6167 42.2
5.2333 50.95
145.4 -36.3833
-73.2228 6.6357
141.1167 38.9833
49.6917 49.4378
151.7667 -27.05
150.7893 -23.1876
-74.2168 4.5794
25.8411 47.3849
20.0333 60.25
23.8667 44.5
-7.259 42.483
6.3227 45.2726
20.8769 49.2634
49.4833 50.7333
-0.7913 46.0773
13.843 50.6331
98.9493 2.8775
6.1053 45.7083
23.05 62.1167
-8.3797 37.9997
20.5933 41.2406
116.5528 31.65
-93.9343 40.8324
-0.25 43.5167
7.7212 52.3689
-0.1268 38.7731
11.2923 42.598
5.6 49.5667
116.25 5.7833
2.2177 50.9965
73.85 15.5
175.3 -38.05
9.9684 55.3693
6.0058 46.1545
4.2651 45.5619
-92.0791 40.9333
30.8864 -29.9657
-60.9363 -35.9883
21.6333 55.6667
0.9667 49.25
7.65 45.3667
80.45 5.9667
13.5167 50.3333
23.4386 51.3488
138.9425 -35.0029
22.3667 60.3667
78.9667 44.55
106.7319 10.8342
21.3555 52.1912
9.1156 44.3722
-62.9833 17.4667
112.6675 37.7447
16.8608 39.1328
2.9368 44.5339
5.4865 47.0216
-90.5393 42.5236
9.9667 47.0167
-103.0333 20.5833
2.1986 44.4527
150.9833 -33.3833
0.2667 45.6833
-73.672 41.2888
11.4167 49.55
26.7352 47.1238
8.85 45.5833
152.1333 -28.05
23.7297 53.1686
27.6 43.05
8.2167 48.8
6.5613 52.198
-97.21 32.6437
7.5333 49.4667
4.0308 44.3683
20.4878 44.7858
115.6 32.1167
-104.3885 30.1828
17.7 40.65
109.47 -7.3594
-50.7914 1.7433
130.4667 32.5667
-80.6967 43.209
106.8065 -6.1969
-101.0333 50.1333
0.8167 44.8167
-4.35 34.91
-93.434 37.0047
7.15 50.3667
6.6333 36.3667
9 54.6
0.8994 43.0848
151.4815 -32.8378
26.2281 44.1862
-64.5321 44.3501
9.15 54.15
24.7667 42.6
20.7398 50.5088
78.8089 24.6966
126.9306 34.3836
19.2123 51.5368
20.2667 46.65
128.82 35.0992
9.1833 48.8333
-1.2167 53.85
1.7544 49.1956
138.2 34.6667
-3.0257 42.7754
-0.218 46.3234
14.0167 48.2
0.4167 45.2
15.3167 40.15
144.15 -35.7333
5.1723 59.7928
14.5667 50.1833
108.7667 30.85
-2.4167 51.8167
25.9 60.3833
3.5667 51.1833
9.5596 45.6818
21.8536 45.8125
83.9667 21.45
-8.8933 52.9394
9.1833 44.6667
3.5723 49.4758
1.0403 47.0555
104.1867 52.8976
139.5833 36.3667
6.8333 46.15
114.1167 22.2333
51.3 36.6833
6.8822 46.7276
11.1667 52.35
5.2162 46.7831
120.3071 22.6419
-39.7915 -14.9031
39.8334 54.7897
110.42 -7.245
16.3 39.8167
24.1 42.1833
-69.6344 43.807
3.1358 44.701
-70.287 46.5782
-0.35 53.2333
-79.6339 41.2226
-64.2925 44.4889
7.4388 48.7182
104.2 -4.9833
114.2101 -7.7507
-75.0429 41.8423
15.9825 46.9564
16.6167 56.85
113.2353 23.2426
-80.4167 -0.6
-1.75 43.0833
-0.45 53.2667
4.9798 49.6342
-2.8833 56.5833
15.6667 47.05
93.05 27.3
121.068 -3.1085
37.65 -0.3333
128.6811 35.2281
4.4818 46.3065
2.6487 49.699
5.355 43.2133
-8.3 41.05
18.4213 -33.941
2.7681 48.5428
19.2333 50.4667
18.25 65.0167
11.6833 44.05
10.35 48.85
-96.1772 19.1278
46.789 34.9267
10.5 43.8
16.4333 47.75
27.6667 46.2333
20.2833 46.7
-55.9 -34.7
14.8833 37.0833
10.6833 47.5333
15.1382 37.902
10.3 49.5167
-5.9836 42.0894
-3.5167 55.0667
-1.5309 49.217
108.0067 -6.8522
-75.1078 40.0979
7.45 49.3333
5.35 51.1
17.3833 52.4833
5.7453 59.8638
100.3 16.3833
-43.5087 -7.0888
105.4188 21.3065
-2.35 57.1333
75.7 16.1833
-59.9527 46.1218
7.281 48.8192
-61.5833 16.25
1.5719 46.1559
3.7 45.6333
-8.3207 40.8004
26.3667 47.1667
-7.4675 41.2292
-90.799 29.3725
29.8284 59.66
123.4953 13.2589
-105.9919 38.536
106.8908 31.0666
-116.8356 33.6425
139.9484 35.7102
152.597 -27.5661
0.3167 52
22.4333 53.1
16.493 49.3566
7.0362 53.1665
28.1494 -25.8058
14.3652 41.121
7.3667 44.95
31.2667 31
27.5667 47.2167
3.9951 44.9393
16.0333 50.8833
21.4828 51.3163
13.6167 52.3667
-0.2825 49.2415
115.8333 36.6667
135.5489 34.4965
-4.05 41.1333
-8.7861 38.3806
-42.1703 -21.7633
12.3364 46.4178
11.3667 47.1667
-46.5895 -22.7817
11.6 43.2833
2.9833 47.1167
73.7069 16.1156
18.06 45.5792
100.3814 5.4634
-97.2663 37.6282
5.0413 51.6744
-119.3292 40.8662
18.1265 40.0514
119.4058 27.4092
-6.682 37.9488
7.3014 48.2854
13.0506 45.9061
-7.6528 38.1713
20.0137 51.1322
6.7491 47.0562
-0.4167 39.5167
-0.45 43.1333
53.2836 36.7443
15.2131 51.6347
7.6 45.8
19.1609 51.2957
-3.1127 47.598
15.7906 46.4236
128.9972 42.5397
13.1833 48.3333
0.9093 46.3225
26.209 44.9444
7.5529 47.5012
4.6 50.8167
2.2635 50.3972
121.875 -33.857
46.0892 52.8589
90.1667 23.9833
11.3 53.75
1.2339 47.6135
22.2206 52.1678
20.35 52.0833
119.4561 29.0839
116.5 51.8667
-65.3735 45.6496
-1.0572 43.3844
11.3666 42.7918
13.2333 59.5833
-76.9667 -12.0333
-0.109 38.7549
-80.255 44.1064
120.9253 13.8794
22.9727 53.9081
7.4484 43.8785
40.3412 50.8588
73.1835 31.5678
27.1667 38.1333
11.25 46.9167
27.6833 60.5667
-70.2333 9.6333
2.1238 42.7379
-2.8847 39.9209
-63.0745 45.4719
5.95 52.0667
119.5672 35.5794
-1.6795 47.5965
0.384 47.683
-84.8836 37.9151
9.5667 11.4333
139.7956 35.7936
30.2011 40.8486
118.2417 31.625
11.8078 43.3669
-4.0915 40.2044
-55.9829 -15.4543
16.2 44.4667
0.3778 46.9756
91.1123 23.9746
6.5602 45.4709
28.9684 41.0318
21.9333 56.5333
-4.3095 40.9918
-3.6597 40.3924
19.4178 54.2713
6.4992 52.4643
10.8167 49.7667
8.9167 47.3333
-55.15 5.8167
99.1667 10.5
7.3295 47.5388
5.1869 45.9406
5.751 43.7617
-66.2881 10.1133
11.95 53.65
119.4669 27.0346
7.0811 47.389
8.2167 48.1333
27.9833 64.4
12.7 47.6167
3.4726 46.2554
-60.8833 13.9
-108.0287 45.3693
85.2 51.3167
10.4167 53.9833
114.3167 30.25
-105.115 36.5581
-3.7841 50.2825
-1.2254 49.0439
2.6167 47.0333
9.5333 47.6833
39.0733 46.9844
7.6701 47.1441
-75.2897 38.4097
4.7039 44.922
141.179 38.4089
18.9538 49.8548
5.6374 44.2322
18.1751 48.5178
18.42 -34.1559
121.0896 16.2838
-67.9833 7.5
58.6283 57.6886
21.6667 62.7167
-61.3333 10.6333
-76.1658 40.1757
13.25 42.7
10.4333 43.3833
-80.0855 26.3453
-2.7 48.0667
17.7333 48.3167
100.9835 13.3622
7.2942 47.9291
15.1582 49.3623
8.6498 45.9952
14.5465 53.4733
2.1729 47.6089
11.45 43.6833
119.8667 30.6
73.3667 18.6167
16.3411 43.3553
124.3 7.2167
22.5667 50.1667
14.2167 48.2667
9.6167 46
4.0385 51.6503
16.2 47.95
118.9603 27.4264
12.5167 42.0167
6.5946 5.8618
142.2092 47.9978
-97.7333 18.9
-77.6167 44.5167
5.2985 59.3765
8.4916 55.8013
16.5714 43.5719
31.0001 -29.8348
14.6833 50.1167
12.7667 53.6
128.2123 35.7473
10.65 48.8667
10.5372 35.8728
-67.0592 44.8081
9.4276 45.6405
80.2408 13.07
91.4333 52.8667
-7.8 53.7333
5.1344 51.8802
79.7333 26.1167
107.0167 10.95
-3.6949 41.1815
-62.8833 46.0167
-44.6592 -16.0717
-82.9374 42.3759
141.3667 -35.2333
5.6833 50.5667
1.0382 42.9313
20.4283 53.9179
6.2047 46.4154
8.7842 34.425
13.4167 54.3333
15.7126 38.0103
24.8167 60.28
-79.7463 43.1607
15.95 47.8333
4.6715 46.6708
117.0894 -8.4292
41.7894 51.5821
91.35 29.6667
113.25 23.1167
15.5167 48.75
-0.3951 48.9891
1.8313 50.8933
1.8536 49.5492
-70.1928 44.6159
11.3489 55.2861
13.7636 45.11
8.5575 47.6811
11.5833 48.4667
44.4858 42.1242
-0.8114 41.0331
5.7265 45.1129
14.2333 48.4167
17.9485 52.0478
11.6667 46.7667
133.3833 34.5667
8.5877 47.2485
18.25 40.2667
83.7333 54.9667
72.3833 23.9167
-40.9708 -10.1871
-4.4167 57.9833
11.8667 44.35
-84.1661 42.0076
131.9692 44.3092
14.2833 52.65
127.6411 37.3042
26.9667 38.3
11.9333 49.0333
11.25 45.7333
5.7127 47.1247
6.0103 46.1442
27.4833 43.6
-49.7167 -24.7833
12.9689 37.6041
12.5 45.6833
-5.6341 37.0795
10.9667 53.8
47.8711 56.6369
32.8078 53.8092
7.5529 48.6712
16.3303 39.2252
17.4006 43.5511
140.0333 35.48
61.1744 57.9397
-42.5167 -20.7667
-71.4492 10.4694
16.8094 45.1767
0.9667 42.937
103.8908 1.3567
-49.4418 -18.3295
18.1616 -33.3444
-45.45 -10.9167
10.5749 52.9043
11.5333 53.6833
12.8167 47.3167
6.7145 53.1432
-0.45 51.9
8.05 45.5667
144.5643 -37.9728
7.0518 47.0284
12.1667 52.05
4.4804 49.5382
-99.1557 20.4135
1.6301 46.6225
24.5667 43.7333
35.0658 32.1858
9.3667 48.9833
73.0667 25.7
102.222 2.2408
15.4467 46.3878
15.8423 53.2961
6.068 53.0045
6.1018 46.1839
-74.6287 43.0423
89.85 25.3
12.034 55.9444
47.7833 -18.3333
35.7167 34.1167
-17.4542 14.6928
27.9 -26.0333
15.9167 51.1167
-0.429 46.049
-48.6122 -0.4862
10.6667 47.0833
81.9167 26.05
14.95 50.3
44.6335 43.7295
45.6067 43.0561
-81.8337 43.075
2.5528 45.0006
46.5113 38.8056
-84.3152 33.0181
9.45 59.85
55.5533 25.5653
-73.7881 40.728
116.3904 23.4541
139.55 35.3333
-71.2272 -30.2008
-74.0486 5.4778
5.148 48.3574
8.716 47.0695
16.2142 45.8508
26.1849 50.6015
121.2931 30.2489
114.4 23.0833
0.4157 44.9979
3.45 44.2
69.3969 53.2824
7.6 49.55
1.2 52.5
-74.2563 40.2182
3.4624 50.1535
173.5057 -35.3932
120.6298 31.3147
79.9159 6.8545
-1.3667 39.2
121.2 23.1167
101.7073 6.3981
4.5333 51.0667
117.5164 25.555
1.3 44.0167
46.5877 35.8849
-101.05 28.2667
150.55 -34.15
29.4711 46.8306
-8.751 39.979
-17.8667 28.5667
108.8833 15.05
13.9797 45.7967
106.8141 -6.1616
3.6833 50.7333
15.5211 50.3885
129.0086 35.5589
2.95 50.75
102.1716 2.5219
7.3 46.7167
2.1167 48
-39.4847 -11.4339
-58.7618 -34.5096
0.5013 43.3823
-95.8877 47.653
33.9619 44.8361
55.9432 25.7895
110.8632 26.3441
-120.6214 38.2068
15.9656 46.7647
17.2998 49.8208
-100.7244 43.6203
36.1333 36.0167
9.4642 45.5671
15.2667 47.1167
120.5983 14.5619
14.9167 46.9667
-92.2929 38.692
62.5 57.2333
36.5883 49.7987
6.2167 44.2
140.3167 35.7833
14.5393 50.0489
5.3776 46.0807
8.8833 48.4833
22.573 51.7058
28.2671 -25.8259
86.1931 56.9647
80.05 15.35
1.7738 50.5546
17.2574 46.7658
-87.7893 41.8725
-0.4356 45.4609
8.9766 39.4928
147.3317 -42.8832
24.9167 42.2667
11.35 49.8
12.5167 53.7833
21.6787 48.469
-71.6333 19.4833
13.5333 51
151.7 62.2667
151.35 -30.4667
-69.1778 -38.8056
31.7465 58.4171
76.9667 9.85
-0.75 52.4333
10.4664 44.3892
-62.7333 8.9833
11.9677 54.5683
9.7535 52.0189
-2.9497 40.1657
-72.5167 -51.7333
152.0528 -27.5309
44.5244 33.8183
-4.918 39.9629
38.4452 45.7529
-39.1 -12.05
130.7352 32.8587
63.6436 56.0825
-51.8167 -30.85
-0.95 42.8333
15.2985 53.9398
153.0445 -27.3559
5.3457 52.0334
22.9333 47.4167
7.7089 46.321
55.5333 -20.9
4.6572 49.4869
-0.3 45.7167
100.0779 7.6179
19.0022 46.64
2.735 45.5124
10.7632 44.4515
137.1333 35.3167
110.8962 -6.5648
8.2335 46.8993
11.4333 48.6
77.1 18.25
120.55 14.9833
5.5112 43.8584
126.5742 34.1775
-43.7667 -21.0667
78.1333 20.4
5.4667 50.85
124.2317 41.6353
-90.1268 35.5365
-48.3878 -13.4268
16.0833 43.5667
6.7114 52.5706
-45.5202 -9.7274
26.2768 52.0381
8.5833 52.2333
28.4028 45.6842
147.0667 -41
2.6868 50.0809
0.4577 49.4855
-117.6643 33.4551
147.3516 -35.1452
-117.5723 34.4261
3.4325 47.4974
14.015 46.6658
-120.2568 37.9947
6.0751 52.9613
27.0167 47.7667
-55.4667 47.6833
5.6365 47.5814
116.0333 -30.4667
14.7333 47.15
-102.3415 32.8934
78.0083 15.013
15.7333 46.3833
-99.3333 19.3564
-3.4964 51.1678
-88.2723 30.7564
126.9 34.55
152.8828 -27.5594
9.75 47.9833
-54.6333 -28.2833
23.35 61.4667
13.5833 43.15
-1.6716 42.7177
-50.3667 -21.8667
-0.2667 54.15
14.8893 50.3513
4.8 50.35
5.9154 49.4336
16.764 46.7803
111.4699 -6.6514
8.7089 49.8314
128.4081 36.975
0.0214 48.7314
83.55 18.25
27.0167 44.6167
-79.8687 33.357
3.2015 48.902
7.3 50.55
15.6988 51.1813
121.1208 14.2108
21.5972 44.1961
0.2419 44.3743
25.0739 60.2661
11.2833 47.7833
28.1167 -25.8
-127.7 52.35
-7.4402 41.5881
17.9387 48.3084
12.381 46.141
12.35 49.4333
116.2747 23.6206
40.0486 60.0544
8.3986 49.5186
2.4247 50.5185
71.05 22.8333
9.0706 47.4097
55.2746 25.2219
76.5667 11.4833
-73.1581 45.3418
19.95 48.15
-3.4933 51.4569
21.15 51.8333
151.5154 -32.7908
80.1333 12.95
102.775 46.2639
36.9167 52.2
15.4667 48.2
102.9894 27.7716
3.5809 50.1984
8.6188 47.4183
22.6895 50.1419
6.5745 48.1617
110.1558 19.6656
16.7667 64.4167
102.4 5.8333
-4.4173 41.2576
150.9241 -33.8826
19.2892 51.9598
-83.9399 39.9901
99.6669 7.3862
19.2613 53.0535
15.0197 50.2839
9.2368 53.8027
24.75 41.5
13.0833 49.7167
-90.9565 42.6797
0.6716 44.6189
58.3833 37.95
127.9833 26.3712
145.0167 -26.6333
3.9031 48.4695
-48.3833 -19.2333
39.0806 37.0439
121.111 14.6379
-94.8323 36.9662
3.9711 47.4164
15.2833 40.25
70.9247 30.8754
-1.25 53.25
7.6667 49.3667
80.2 18.3167
5.7247 46.7516
11.7167 48.8833
8.5496 55.1311
9.0333 44.8167
47.9697 42.0228
14.6167 46.5333
106.8596 -6.1848
-5.45 35.2833
4.3833 51.1667
9.5376 54.4565
-0.9167 51.1333
117.9489 28.6625
-3.7833 50.6333
5.4 60.3333
19.9728 52.0264
14.2478 50.3617
48.9668 58.0338
-75.6893 43.2715
26.1 43.3667
-50.5167 -22.0667
1.2805 43.2004
122.9911 39.7008
7.0667 49.4167
83.9833 25.5833
35.6178 33.9808
7.6706 46.764
-108.4201 37.2971
-81.6354 35.53
-42.6064 -16.9078
77.1833 30.9833
41.3417 56.702
-2.7443 40.8482
14.85 46.7667
5.845 47.7187
0.3684 49.5561
8.7842 34.425
14.0864 50.3218
14.4833 49.65
5.4221 45.3979
14.366 40.8786
13.6 54.1167
5.5269 47.4584
19.8808 53.839
11.0667 45.6833
37.8214 50.5709
14.35 48.2333
166.05 -21.8667
9.15 47.7333
105.6664 29.7658
115.7703 33.8772
9.7667 51.5
-1.3833 60.2667
128.0333 26.6167
3.55 50.9833
5.7169 51.7488
9.3578 55.2537
21.0059 49.7273
12.4833 46.6
9.3661 49.9308
9.8167 45.2
73.8786 54.657
20.8833 49.6167
21.6833 50.2833
-91.6707 47.0227
4.6113 51.6401
1.854 44.9263
80.1667 7.4833
6.4885 46.8666
-8.7364 41.3135
8.3102 47.2678
12.7314 46.8472
110.4886 -7.0067
-89.6833 13.9333
2.4225 48.6022
103.9966 11.8551
121.141 13.8055
60.7653 58.8726
6.2883 52.2493
6.5667 49.6667
27.4167 56.7
27.9289 47.7617
118.48 24.7728
28.15 38.2
-97.1583 19.5667
14.8083 40.7744
41.4806 37.5867
2.1795 44.5031
39.8389 56.1488
19.0586 45.2361
14.5167 46.4667
6.905 47.1771
-0.9833 52.9167
13.8472 46.1092
11.4167 49.2
93.6215 55.8529
13.7333 48.3833
3.0519 46.676
81.6333 17.25
1.7726 48.4636
79.3836 27.9227
-6.6378 40.0613
129.1386 35.7494
151.9625 -27.5868
111.605 -6.7049
77.4633 29.5608
16.0667 48.2
14.0167 53.7167
-1.5333 47.6167
5.4004 61.3635
13.8714 46.9258
6.5206 46.5466
-92.5884 44.6609
153.1833 -27.5167
0.2039 42.3204
7.1 50.55
115.6703 28.3383
13 52.4667
3.0622 50.5222
112.5398 25.2325
145.0667 -37.0333
-0.3976 47.4559
-81.2177 37.4443
-67.6333 -27.6833
11.9167 51.2333
30.1292 31.1397
31.3531 30.1794
28.6 61.9
-0.7533 42.7565
13.8167 48.4667
6.7076 48.5392
8.8167 48.8667
12.6667 53.75
7.7333 51.0667
29.4944 40.8861
10.7833 51.2667
3.2743 48.365
7.4667 47.45
3.6425 50.0733
29.8083 60.7189
16.5833 53.7167
45.1958 34.7294
3.053 50.3793
4.45 50.8667
74.2222 32.0472
9.3833 44.8833
-61.4333 10.25
13.5167 46.9667
-76.9667 -12.1333
2.6363 50.3736
5.4302 45.9072
-6.7 61.4
12.8333 43.3
1.535 42.877
-6.3194 42.9393
80.9714 16.297
12.8333 47.4
-64.4178 44.3784
12.4 47.9667
11.6833 48.5333
20.8403 42.9075
1.6343 49.9372
17.0667 49.2833
3.159 46.9896
119.3333 25.9
81.3 24.5333
19.4333 47.3
13.2833 48.6333
-42.7661 -18.1678
3.84 49.713
-7.1628 38.8815
6.4167 50.1667
21.2953 51.6633
123.3219 8.0382
4.8 51.1333
15.6667 48.1333
8.7111 47.3056
2.2546 50.5394
114.3958 35.7111
17.787 49.897
79.9003 7.218
-0.5667 40.2667
1.808 45.187
23.3167 54.5833
-0.3 45.45
-82.1525 32.5389
4.0167 51
3.863 49.1751
24.0333 54.05
-3.6767 51.5333
12.4 42.9167
13.0833 54.25
4.964 48.4569
-0.2831 48.9736
134.2899 35.3863
-94.7495 43.6692
121.0708 14.5158
11.5855 44.3985
99.4167 9.15
101.1658 12.6989
15.4222 52.012
46.456 42.6491
121.5389 24.96
9.5549 45.5422
-6.1667 54.9833
4.5833 50.8333
5.1667 50
13.0667 42.0167
24.3769 58.7153
59.4891 55.5736
150.8901 -32.2612
-8.4673 40.8204
8.0855 45.488
11.4833 45.7
106.9814 -6.3123
17.7066 51.8581
78.9333 13.65
16.5167 46.4667
7.5833 10.8
76.2559 9.9201
9.3167 45.7
4.5167 51.2
20.1879 50.9913
26.1833 45.85
4.8167 51.0333
-71.5158 48.4501
36.8167 -1.2833
8.2833 47.6
-106.7802 36.214
4.1817 51.4171
12.1764 45.32
122.3994 -28.6253
0.0364 46.2467
-9.1927 38.839
24.8878 60.4289
8.0167 47.75
5.4436 50.6022
9.5333 51.3333
18.4833 54.6833
-58.5167 -34.65
71.1259 29.0085
11.0833 42.8833
9.15 45.65
119.7993 -3.9275
9.6833 40.5667
3.2667 39.7333
9.5333 53.2833
13.0073 46.1571
-87.6662 31.0326
7.6961 46.6585
14.272 59.5318
87.8487 24.2243
-68.2667 12.15
13.3167 41.7747
120.8104 14.8443
121.8469 13.3222
86.45 22.5167
80.4167 7.4833
11.3167 50.35
17.4983 52.7445
12.2833 49.9333
26 45.6
4.8952 47.1864
-8.2354 37.1011
99.314 3.4148
146.2333 -38.25
-61.3167 -33.7
1.6673 49.5821
76.3833 18.7333
7.4333 45.05
0.0833 48.35
109.1695 21.6682
1.9661 42.952
37.1611 49.3095
9.7 49.6833
63.4083 -19.6944
41.5667 38.0333
10.7 53.6833
5.7667 60.0167
-98.2063 37.9992
-67.7466 46.9266
120.4489 15.3597
42.16 61.08
34.4327 40.8604
28.8108 61.1575
4.3274 50.1511
15.7587 49.4076
0.8667 52.0833
2.9496 48.3836
13.9 48.2333
13.3667 51.1167
-2.8922 51.545
-77.3667 18.4
2.1731 44.8285
-114.1833 64.1833
8.8167 44.4333
39.7567 46.4583
-79.5014 44.1149
41.6372 41.6386
3.0811 45.8314
15.2333 37.8167
-58.5661 -34.5999
4.3978 51.3602
41.4181 52.8221
7.5727 48.2079
27.3917 53.8397
19.0294 42.6517
-8.3476 39.4973
7.0376 49.0257
2.8419 46.7275
-2.0167 50.6
2.2918 48.226
25.9496 44.6017
6.4534 47.6223
18.599 50.7156
3.9945 44.1149
70.3 21.1597
87.8833 23.0667
35.7019 36.9737
152.8667 -27.6
37.938 54.9212
119.6339 -5.2482
4.65 51.5833
11.9 47.9833
45.7556 43.3021
-74.2875 10.9972
117.9377 50.9252
2.4286 50.2952
21.1573 50.3794
-0.2864 44.818
-120.8367 39.1977
1.0379 43.3426
15.2833 47.4167
16.1667 48.15
3.7435 49.7002
115.1504 23.2332
19.4361 47.6653
113.7486 28.9689
20.4806 51.9394
3.1667 50.3173
-0.4915 45.7015
75.5967 31.0964
26.8833 42.7667
20.2164 45.9025
6.76 11.8141
2.4634 44.4745
8.8333 50.5167
11.5 53.8333
-51.9833 -22.6167
37.0167 -0.1667
-7.5667 43
57.9603 52.5854
24.4333 60.4833
20.9078 51.6693
54.9207 57.0538
54.0933 58.9375
-79.8664 40.1251
-63.2028 45.531
9.65 61.65
136.9667 35.05
4.3615 44.9829
0.3167 51.9
75.1333 32.9333
120.5421 15.0716
73.9364 26.2031
9.05 47.1167
0.7544 43.0162
-41.2833 -20.15
79.2227 24.6282
120.4309 30.5311
-0.0423 41.7159
26.8333 43.5667
-78.7158 44.1609
-72.6764 42.0704
-73.9768 41.2118
7.7167 50.0833
121.2658 31.1694
19.1037 51.4221
135.0391 35.1603
-1.0833 52.4333
7.5333 53.3667
-49.673 -3.768
22.7333 60.5833
2.5667 46.2833
7.0252 48.9411
-109.7516 50.4501
142.4578 44.3506
8.1667 45.6167
8.7833 51.55
7.7667 49.8833
6.778 46.4821
15.9315 38.6758
4.9351 47.9149
50.8867 35.8474
75.1167 15.7833
10.2333 50.3333
17.85 63.9333
-3.0127 37.0084
-7.5555 40.7054
13.6255 43.492
7.45 51
-77.501 42.4837
10.85 52.6833
-45.477 -9.9228
57.5833 -20.05
75.4333 27.2667
-1.1167 47.1
-3.41 40.5904
119.8392 29.2183
48.5947 52.8594
3.1078 42.0112
-6.2667 54.4667
-2.5167 53.7167
-15.5118 28.1001
14.5667 46.2
75.8689 11.178
88.6303 23.7769
14.2167 51.65
144.7863 13.4443
111.015 22.4708
-61.5 7.3
1.5824 47.3444
-86.7666 38.9371
-96.45 17.1167
121.2457 30.1764
13.6333 48.5833
140.3116 35.3097
15.3853 50.5119
23.3833 54.5833
4.705 50.0046
117.8333 -34.5167
12.6 55.7667
-63 18.25
86.5683 42.0586
52.7985 54.5378
35 46.9167
20.5667 50.45
15.7833 40.0333
6.3333 58.5333
38.176 45.6473
3.8167 45.3833
138.4167 35.7833
123.8586 10.2861
-88.4391 43.4827
14.7813 52.6434
17.0704 48.8397
74.8833 32.1
36.7219 41.1989
9.3833 45.6333
8.9167 47.8167
6.5212 47.3099
23.9333 62.1667
-65.0754 45.9489
2.2423 49.1405
7.4439 48.1255
-72.4353 43.1418
26.8 44.5333
-119.5029 37.0026
28.4654 56.2955
-42.3696 -9.5411
17.2167 60.6833
27.15 -24.9333
111.0167 -6.4833
-0.8167 54
57.4833 -20.3
27.2329 -31.7031
-1.7333 51.95
5.738 53.1576
77.2 27.8667
-54.05 47.1833
9.3 53.5167
130.7189 32.8136
-1.3081 35.2808
17.8 48.9
18.2022 50.0071
127.1046 37.602
13.5197 48.5397
116.9833 35.3
10.6167 43.05
4.6865 49.1375
99.9 12.6667
2.3707 49.1308
1.4362 49.1176
14.9667 41.6833
16.4823 51.8048
13.65 43.0667
9.7023 44.4469
5.8833 50.5333
1.95 47.4833
8.5333 47.4
3.9627 50.2643
13.2833 53.6167
15.45 48.8
20.1864 50.217
75.9667 17.1667
6.1167 45.0333
-103.3463 23.6246
133.935 34.6617
10.9 54.2667
23.3167 42.6333
1.6167 49.3167
42.8333 55.9
5.19 51.8887
2.2211 48.7326
-96.7297 36.1179
-8.1019 40.5315
10.5667 49.5667
44.6517 40.9633
38.2844 55.3975
16.3989 43.9125
-85.7026 37.9633
57.5802 -20.0184
153.0583 -27.4833
